$ 1 0.000005 10.20027730826997 50 5 43 5e-11
207 640 2160 496 2160 4 b1
207 640 2192 496 2192 4 b2
207 640 2256 496 2256 4 b4
207 640 2224 496 2224 4 b3
207 640 2352 496 2352 4 b7
207 640 2384 496 2384 4 b8
207 640 2320 496 2320 4 b6
207 640 2288 496 2288 4 b5
207 640 2544 496 2544 4 b13
207 640 2576 496 2576 4 b14
207 640 2640 496 2640 4 b16
207 640 2608 496 2608 4 b15
207 640 2480 496 2480 4 b11
207 640 2512 496 2512 4 b12
207 640 2448 496 2448 4 b10
207 640 2416 496 2416 4 b9
207 640 1696 496 1696 4 a9
207 640 1728 496 1728 4 a10
207 640 1792 496 1792 4 a12
207 640 1760 496 1760 4 a11
207 640 1888 496 1888 4 a15
207 640 1920 496 1920 4 a16
207 640 1856 496 1856 4 a14
207 640 1824 496 1824 4 a13
207 640 1568 496 1568 4 a5
207 640 1600 496 1600 4 a6
207 640 1664 496 1664 4 a8
207 640 1632 496 1632 4 a7
207 640 1504 496 1504 4 a3
207 640 1536 496 1536 4 a4
207 640 1472 496 1472 4 a2
207 640 1440 496 1440 4 a1
207 912 1680 1024 1680 4 out9
207 912 1712 1024 1712 4 out10
207 912 1776 1024 1776 4 out12
207 912 1744 1024 1744 4 out11
207 912 1872 1024 1872 4 out15
207 912 1904 1024 1904 4 out16
207 912 1840 1024 1840 4 out14
207 912 1808 1024 1808 4 out13
207 912 1552 1024 1552 4 out5
207 912 1584 1024 1584 4 out6
207 912 1648 1024 1648 4 out8
207 912 1616 1024 1616 4 out7
207 912 1488 1024 1488 4 out3
207 912 1520 1024 1520 4 out4
207 912 1456 1024 1456 4 out2
207 912 1424 1024 1424 4 out1
L -32 1728 -144 1728 2 0 false 5 0
L -32 1760 -144 1760 2 0 false 5 0
L -32 1824 -144 1824 2 0 false 5 0
L -32 1792 -144 1792 2 0 false 5 0
L -32 1920 -144 1920 2 0 false 5 0
L -32 1952 -144 1952 2 0 false 5 0
L -32 1888 -144 1888 2 0 false 5 0
L -32 1856 -144 1856 2 0 false 5 0
L -32 2112 -144 2112 2 0 false 5 0
L -32 2144 -144 2144 2 0 false 5 0
L -32 2208 -144 2208 2 0 false 5 0
L -32 2176 -144 2176 2 0 false 5 0
L -32 2048 -144 2048 2 0 false 5 0
L -32 2080 -144 2080 2 0 false 5 0
L -32 2016 -144 2016 2 0 false 5 0
L -32 1984 -144 1984 2 0 false 5 0
L -32 1472 -144 1472 2 0 false 5 0
L -32 1504 -144 1504 2 0 false 5 0
L -32 1568 -144 1568 2 0 false 5 0
L -32 1536 -144 1536 2 0 false 5 0
L -32 1664 -144 1664 2 0 false 5 0
L -32 1696 -144 1696 2 0 false 5 0
L -32 1632 -144 1632 2 0 false 5 0
L -32 1600 -144 1600 2 0 false 5 0
L -32 1344 -144 1344 2 0 false 5 0
L -32 1376 -144 1376 2 0 false 5 0
L -32 1440 -144 1440 2 0 false 5 0
L -32 1408 -144 1408 2 0 false 5 0
L -32 1280 -144 1280 2 0 false 5 0
L -32 1312 -144 1312 2 0 false 5 0
L -32 1248 -144 1248 2 0 false 5 0
L -32 1216 -144 1216 2 0 false 5 0
M -144 2544 -48 2544 2 2.5
M -144 2576 -48 2576 2 2.5
M -144 2640 -48 2640 2 2.5
M -144 2608 -48 2608 2 2.5
M -144 2736 -48 2736 2 2.5
M -144 2768 -48 2768 2 2.5
M -144 2704 -48 2704 2 2.5
M -144 2672 -48 2672 2 2.5
M -144 2416 -48 2416 2 2.5
M -144 2448 -48 2448 2 2.5
M -144 2512 -48 2512 2 2.5
M -144 2480 -48 2480 2 2.5
M -144 2352 -48 2352 2 2.5
M -144 2384 -48 2384 2 2.5
M -144 2320 -48 2320 2 2.5
M -144 2288 -48 2288 2 2.5
