$ 1 0.000005 10.20027730826997 50 5 43 5e-11
207 640 2160 496 2160 4 b1
207 640 2192 496 2192 4 b2
207 640 2256 496 2256 4 b4
207 640 2224 496 2224 4 b3
207 640 2352 496 2352 4 b7
207 640 2384 496 2384 4 b8
207 640 2320 496 2320 4 b6
207 640 2288 496 2288 4 b5
207 640 2544 496 2544 4 b13
207 640 2576 496 2576 4 b14
207 640 2640 496 2640 4 b16
207 640 2608 496 2608 4 b15
207 640 2480 496 2480 4 b11
207 640 2512 496 2512 4 b12
207 640 2448 496 2448 4 b10
207 640 2416 496 2416 4 b9
207 640 1696 496 1696 4 a9
207 640 1728 496 1728 4 a10
207 640 1792 496 1792 4 a12
207 640 1760 496 1760 4 a11
207 640 1888 496 1888 4 a15
207 640 1920 496 1920 4 a16
207 640 1856 496 1856 4 a14
207 640 1824 496 1824 4 a13
207 640 1568 496 1568 4 a5
207 640 1600 496 1600 4 a6
207 640 1664 496 1664 4 a8
207 640 1632 496 1632 4 a7
207 640 1504 496 1504 4 a3
207 640 1536 496 1536 4 a4
207 640 1472 496 1472 4 a2
207 640 1440 496 1440 4 a1
207 912 1680 1024 1680 4 out9
207 912 1712 1024 1712 4 out10
207 912 1776 1024 1776 4 out12
207 912 1744 1024 1744 4 out11
207 912 1872 1024 1872 4 out15
207 912 1904 1024 1904 4 out16
207 912 1840 1024 1840 4 out14
207 912 1808 1024 1808 4 out13
207 912 1552 1024 1552 4 out5
207 912 1584 1024 1584 4 out6
207 912 1648 1024 1648 4 out8
207 912 1616 1024 1616 4 out7
207 912 1488 1024 1488 4 out3
207 912 1520 1024 1520 4 out4
207 912 1456 1024 1456 4 out2
207 912 1424 1024 1424 4 out1
L -32 1728 -144 1728 2 0 false 5 0
L -32 1760 -144 1760 2 0 false 5 0
L -32 1824 -144 1824 2 0 false 5 0
L -32 1792 -144 1792 2 0 false 5 0
L -32 1920 -144 1920 2 0 false 5 0
L -32 1952 -144 1952 2 0 false 5 0
L -32 1888 -144 1888 2 0 false 5 0
L -32 1856 -144 1856 2 0 false 5 0
L -32 2112 -144 2112 2 0 false 5 0
L -32 2144 -144 2144 2 0 false 5 0
L -32 2208 -144 2208 2 0 false 5 0
L -32 2176 -144 2176 2 0 false 5 0
L -32 2048 -144 2048 2 0 false 5 0
L -32 2080 -144 2080 2 0 false 5 0
L -32 2016 -144 2016 2 0 false 5 0
L -32 1984 -144 1984 2 0 false 5 0
L -32 1472 -144 1472 2 0 false 5 0
L -32 1504 -144 1504 2 0 false 5 0
L -32 1568 -144 1568 2 0 false 5 0
L -32 1536 -144 1536 2 0 false 5 0
L -32 1664 -144 1664 2 0 false 5 0
L -32 1696 -144 1696 2 0 false 5 0
L -32 1632 -144 1632 2 0 false 5 0
L -32 1600 -144 1600 2 0 false 5 0
L -32 1344 -144 1344 2 0 false 5 0
L -32 1376 -144 1376 2 0 false 5 0
L -32 1440 -144 1440 2 0 false 5 0
L -32 1408 -144 1408 2 0 false 5 0
L -32 1280 -144 1280 2 0 false 5 0
L -32 1312 -144 1312 2 0 false 5 0
L -32 1248 -144 1248 2 0 false 5 0
L -32 1216 -144 1216 2 0 false 5 0
M -160 2848 -64 2848 2 2.5
M -160 2880 -64 2880 2 2.5
M -160 2944 -64 2944 2 2.5
M -160 2912 -64 2912 2 2.5
M -160 3040 -64 3040 2 2.5
M -160 3072 -64 3072 2 2.5
M -160 3008 -64 3008 2 2.5
M -160 2976 -64 2976 2 2.5
M -160 2720 -64 2720 2 2.5
M -160 2752 -64 2752 2 2.5
M -160 2816 -64 2816 2 2.5
M -160 2784 -64 2784 2 2.5
M -160 2656 -64 2656 2 2.5
M -160 2688 -64 2688 2 2.5
M -160 2624 -64 2624 2 2.5
M -160 2592 -64 2592 2 2.5
207 1120 2288 976 2288 4 a15
207 1120 2336 976 2336 4 a16
207 656 2784 512 2784 4 c1
207 656 2816 512 2816 4 c2
207 656 2880 512 2880 4 c4
207 656 2848 512 2848 4 c3
207 656 2976 512 2976 4 c7
207 656 3008 512 3008 4 c8
207 656 2944 512 2944 4 c6
207 656 2912 512 2912 4 c5
207 656 3168 512 3168 4 c13
207 656 3200 512 3200 4 c14
207 656 3264 512 3264 4 c16
207 656 3232 512 3232 4 c15
207 656 3104 512 3104 4 c11
207 656 3136 512 3136 4 c12
207 656 3072 512 3072 4 c10
207 656 3040 512 3040 4 c9
207 656 3584 512 3584 4 d9
207 656 3616 512 3616 4 d10
207 656 3680 512 3680 4 d12
207 656 3648 512 3648 4 d11
207 656 3776 512 3776 4 d15
207 656 3808 512 3808 4 d16
207 656 3744 512 3744 4 d14
207 656 3712 512 3712 4 d13
207 656 3456 512 3456 4 d5
207 656 3488 512 3488 4 d6
207 656 3552 512 3552 4 d8
207 656 3520 512 3520 4 d7
207 656 3392 512 3392 4 d3
207 656 3424 512 3424 4 d4
207 656 3360 512 3360 4 d2
207 656 3328 512 3328 4 d1
