$ 1 0.000005 0.32112705431535615 50 5 43 5e-11
g 160 288 160 336 0 0
R 160 256 160 208 0 0 40 5 0 0 0.5
w 160 256 192 256 0
w 160 288 192 288 0
S 272 272 192 272 0 1 false 0 2
w 272 272 352 272 0
w 272 608 352 608 0
S 272 608 192 608 0 1 false 0 2
w 160 624 192 624 0
w 160 592 192 592 0
R 160 592 160 544 0 0 40 5 0 0 0.5
g 160 624 160 672 0 0
R 272 528 272 480 0 0 40 5 0 0 0.5
r 272 528 272 576 0 1000
w 272 576 272 608 0
x 175 176 345 179 4 24 1.\s手動クロック
x 162 451 334 454 4 24 2.\sプルアップv1
x 466 451 638 454 4 24 3.\sプルアップv2
w 576 576 576 608 0
r 576 528 576 576 0 1000
R 576 528 576 480 0 0 40 5 0 0 0.5
g 528 688 528 736 0 0
w 576 608 656 608 0
w 576 608 528 608 0
w 528 608 528 640 0
s 528 688 528 640 0 1 true
c 288 1008 288 1056 0 0.00001 4.9993987575296135 0.001
R 160 880 160 832 0 0 40 5 0 0 0.5
w 160 960 192 960 0
r 256 960 192 960 0 1000
w 256 960 288 960 0
w 288 960 288 1008 0
g 288 1056 288 1104 0 0
x 153 789 542 792 4 24 4.\sチャタリングの解決(CRの使い方)
R 576 880 576 832 0 0 40 5 0 0 0.5
r 576 880 576 928 0 1000
w 576 928 576 976 0
w 576 976 608 976 0
w 576 976 576 1008 0
g 576 1072 576 1120 0 0
r 672 976 608 976 0 10000
w 672 976 704 976 0
w 704 976 704 1008 0
w 704 976 784 976 0
c 704 1008 704 1056 0 0.00001 0.00040552408966736385 0.001
g 704 1056 704 1104 0 0
s 576 1072 576 1008 0 0 false
s 160 928 160 880 0 0 false
w 160 928 160 960 0
x 559 789 973 792 4 24 5.\sチャタリングの解決(CRフィルタv1)
s 1472 1088 1472 1024 0 1 false
g 1600 1072 1600 1120 0 0
c 1600 1024 1600 1072 0 0.00001 2.799432756083594 0.001
w 1600 992 1600 1024 0
w 1568 992 1600 992 0
r 1568 992 1504 992 0 10000
g 1472 1088 1472 1136 0 0
w 1472 992 1472 1024 0
w 1472 992 1504 992 0
w 1472 944 1472 992 0
r 1472 896 1472 944 0 1000
R 1472 896 1472 848 0 0 40 5 0 0 0.5
w 1600 992 1648 992 0
183 1648 992 1728 992 0 0.5 1.66 3.33 5 0
w 1728 992 1760 992 0
x 990 788 1404 791 4 24 6.\sチャタリングの解決(CRフィルタv2)
w 1296 992 1328 992 0
w 1184 992 1232 992 0
R 1056 896 1056 848 0 0 40 5 0 0 0.5
r 1056 896 1056 944 0 1000
w 1056 944 1056 992 0
w 1056 992 1088 992 0
w 1056 992 1056 1024 0
g 1056 1088 1056 1136 0 0
r 1152 992 1088 992 0 10000
w 1152 992 1184 992 0
w 1184 992 1184 1024 0
c 1184 1024 1184 1072 0 0.00001 0.00040552408966736385 0.001
g 1184 1072 1184 1120 0 0
s 1056 1088 1056 1024 0 0 false
I 1232 992 1296 992 0 0.5 5
x 1425 790 1839 793 4 24 7.\sチャタリングの解決(CRフィルタv3)
183 320 1424 400 1424 0 0.5 1.66 3.33 5 0
w 272 1424 320 1424 0
R 144 1328 144 1280 0 0 40 5 0 0 0.5
r 144 1328 144 1376 0 1000
w 144 1376 144 1424 0
w 144 1424 176 1424 0
w 144 1424 144 1456 0
g 144 1520 144 1568 0 0
r 240 1424 176 1424 0 10000
w 240 1424 272 1424 0
w 272 1424 272 1456 0
c 272 1456 272 1504 0 0.00001 0.00040552408966736385 0.001
g 272 1504 272 1552 0 0
s 144 1520 144 1456 0 0 false
x 132 1231 302 1234 4 24 8.\sリセット回路
183 400 1424 480 1424 0 0.5 1.66 3.33 5 0
w 480 1424 512 1424 0
183 368 1984 448 1984 0 0.5 1.66 3.33 5 0
183 192 1984 272 1984 0 0.5 1.66 3.33 5 0
r 320 1872 320 1920 0 1000
c 496 1776 496 1824 0 0.00001 1.2027171430303263e-7 0.001
w 496 1744 496 1776 0
w 448 1744 320 1744 0
w 320 1744 320 1872 0
w 320 1744 128 1744 0
w 128 1744 128 1984 0
w 128 1984 192 1984 0
w 272 1984 320 1984 0
w 320 1984 320 1920 0
w 320 1984 368 1984 0
w 448 1744 496 1744 0
w 496 1824 496 1984 0
w 496 1984 448 1984 0
w 496 1984 560 1984 0
x 127 1698 505 1701 4 24 9.\sクロックジェネレーター(完成系)
x 170 1969 186 1972 4 24 A
x 290 1967 306 1970 4 24 B
x 534 1968 551 1971 4 24 C
183 736 1984 816 1984 0 0.5 1.66 3.33 5 0
w 736 1984 704 1984 0
w 704 1984 704 1824 0
w 864 1824 864 1856 0
r 864 1856 864 1904 0 1000
w 864 1904 864 1984 0
w 704 1824 864 1824 0
w 864 1984 960 1984 0
w 960 1984 960 1952 0
R 960 1952 960 1904 0 0 40 5 0 0 0.5
w 864 1824 1008 1824 0
c 1072 1824 1008 1824 0 0.00001 -4.999398516984521 0.001
w 1072 1824 1088 1824 0
w 1088 1824 1088 1936 0
g 1088 1936 1088 1984 0 0
x 708 1957 767 1960 4 24 A(\qL)
x 881 1967 944 1970 4 24 B(\qH)
x 1099 1970 1159 1973 4 24 C(\qL)
x 701 1701 1089 1704 4 24 10.\sクロックジェネレーター(A\qL)v1
x 1150 1905 1187 1908 4 32 \q>
g 1264 1952 1264 2000 0 0
c 1264 1952 1264 1904 0 0.00001 -4.999398516984521 0.001
w 1264 1872 1360 1872 0
w 1264 1872 1264 1840 0
r 1264 1792 1264 1840 0 1000
w 1264 1776 1264 1792 0
R 1264 1776 1264 1728 0 0 40 5 0 0 0.5
w 1264 1872 1264 1904 0
183 1360 1872 1440 1872 0 0.5 1.66 3.33 5 0
w 1440 1872 1488 1872 0
x 1138 1701 1524 1704 4 24 11.\sクロックジェネレーター(A\qL)v2
x 699 2101 1091 2104 4 24 12.\sクロックジェネレーター(A\qH)v1
183 1024 2224 1104 2224 0 0.5 1.66 3.33 5 0
w 1024 2224 928 2224 0
w 928 2224 928 2256 0
r 928 2256 928 2304 0 1000
w 928 2304 928 2336 0
g 928 2336 928 2384 0 0
w 928 2224 800 2224 0
w 800 2224 800 2256 0
c 800 2304 800 2256 0 0.00001 4.999398757532278 0.001
w 800 2304 800 2384 0
w 800 2384 736 2384 0
w 736 2384 736 2352 0
R 736 2352 736 2304 0 0 40 5 0 0 0.5
x 978 2211 1041 2214 4 24 A(\qH)
x 937 2356 996 2359 4 24 B(\qL)
x 656 2360 720 2363 4 24 C(\qH)
