$ 1 0.000005 10.20027730826997 50 5 43 5e-11
w 1424 1872 1472 1872 0
183 1344 1872 1424 1872 0 0.5 1.66 3.33 5 0
R 1264 1808 1264 1760 0 0 40 5 0 0 0.5
r 1264 1808 1264 1856 0 1000
w 1264 1872 1264 1856 0
g 1264 1936 1264 1952 0 0
c 1344 1936 1344 1888 0 0.00001 -7.968529895968182e-10 0.001
s 1264 1936 1264 1888 0 0 false
g 1344 1936 1344 1952 0 0
r 1280 1872 1328 1872 0 10000
w 1264 1872 1280 1872 0
w 1328 1872 1344 1872 0
w 1344 1872 1344 1888 0
w 1264 1872 1264 1888 0
183 1296 2128 1360 2128 0 0.5 1.66 3.33 5 0
w 1296 2128 1264 2128 0
w 1264 2128 1264 2016 0
r 1392 2080 1440 2080 0 33000
w 1456 2128 1360 2128 0
w 1408 2016 1504 2016 0
c 1504 2016 1552 2016 0 0.00001 8.97088650759696e-13 0.001
w 1552 2016 1584 2016 0
w 1584 2016 1584 2128 0
183 1488 2128 1552 2128 0 0.5 1.66 3.33 5 0
w 1552 2128 1584 2128 0
w 1472 1872 1648 1872 0
w 1648 1872 1648 1968 0
w 1648 1968 1680 1968 0
w 1584 2128 1648 2128 0
w 1648 2128 1648 2000 0
w 1648 2000 1680 2000 0
S 1760 1984 1680 1984 0 1 false 0 2
w 1760 1984 1840 1984 0
x 1855 1987 1937 1990 4 24 CLOCK
x 1658 1956 1697 1959 4 12 Manual
x 1655 2019 1679 2022 4 12 Auto
w 1600 2368 1632 2368 0
183 1520 2368 1600 2368 0 0.5 1.66 3.33 5 0
s 1264 2464 1264 2400 0 1 false
g 1392 2448 1392 2496 0 0
c 1392 2400 1392 2448 0 0.00001 4.999999999898858 0.001
w 1392 2368 1392 2400 0
w 1360 2368 1392 2368 0
r 1360 2368 1296 2368 0 10000
g 1264 2464 1264 2512 0 0
w 1264 2368 1264 2400 0
w 1264 2368 1296 2368 0
w 1264 2320 1264 2368 0
r 1264 2272 1264 2320 0 1000
R 1264 2272 1264 2224 0 0 40 5 0 0 0.5
w 1392 2368 1440 2368 0
183 1440 2368 1520 2368 0 0.5 1.66 3.33 5 0
w 1632 2368 1856 2368 0
x 1869 2374 1949 2377 4 24 RESET
S 1360 2064 1392 2064 0 0 false 0 2
r 1392 2048 1440 2048 0 3300
w 1440 2048 1456 2048 0
w 1456 2128 1488 2128 0
w 1440 2080 1456 2080 0
w 1456 2080 1456 2048 0
w 1456 2080 1456 2128 0
w 1264 2016 1344 2016 0
w 1344 2016 1344 2064 0
w 1344 2064 1360 2064 0
w 1344 2016 1408 2016 0
x 1285 2095 1369 2098 4 12 周波数切り替え
