$ 1 0.000005 10.20027730826997 50 5 43 5e-11
g 448 608 448 640 0 0
w 448 608 480 608 0
w 512 608 560 608 0
w 560 608 560 576 0
w 560 608 608 608 0
r 560 528 560 576 0 1000
R 560 528 560 480 0 0 40 5 0 0 0.5
s 480 608 512 608 0 0 false
x 483 453 601 456 4 24 1bitのROM
x 445 1067 611 1070 4 24 4bit*2のROMv1
s 368 1280 400 1280 0 1 false
g 368 1280 368 1312 0 0
w 400 1280 400 1232 0
g 416 1280 416 1312 0 0
s 416 1280 448 1280 0 1 false
s 512 1280 544 1280 0 1 false
g 512 1280 512 1312 0 0
g 464 1280 464 1312 0 0
s 464 1280 496 1280 0 1 false
w 544 1280 544 1264 0
w 496 1280 496 1248 0
w 448 1280 448 1232 0
w 400 1232 400 1216 0
r 560 1136 560 1184 0 1000
R 560 1136 560 1104 0 0 40 5 0 0 0.5
R 512 1136 512 1104 0 0 40 5 0 0 0.5
r 512 1136 512 1184 0 1000
r 464 1136 464 1184 0 1000
R 464 1136 464 1104 0 0 40 5 0 0 0.5
R 416 1136 416 1104 0 0 40 5 0 0 0.5
r 416 1136 416 1184 0 1000
w 400 1216 416 1216 0
w 416 1216 416 1184 0
w 416 1216 608 1216 0
w 448 1232 464 1232 0
w 464 1232 464 1184 0
w 464 1232 608 1232 0
w 496 1248 512 1248 0
w 512 1248 512 1184 0
w 512 1248 608 1248 0
w 544 1264 560 1264 0
w 560 1264 560 1184 0
w 560 1264 608 1264 0
w 560 1504 608 1504 0
w 560 1504 560 1424 0
w 544 1504 560 1504 0
w 512 1488 608 1488 0
w 512 1488 512 1424 0
w 496 1488 512 1488 0
w 464 1472 608 1472 0
w 464 1472 464 1424 0
w 448 1472 464 1472 0
w 416 1456 608 1456 0
w 416 1456 416 1424 0
w 400 1456 416 1456 0
r 416 1376 416 1424 0 1000
R 416 1376 416 1344 0 0 40 5 0 0 0.5
R 464 1376 464 1344 0 0 40 5 0 0 0.5
r 464 1376 464 1424 0 1000
r 512 1376 512 1424 0 1200
R 512 1376 512 1344 0 0 40 5 0 0 0.5
R 560 1376 560 1344 0 0 40 5 0 0 0.5
r 560 1376 560 1424 0 1000
w 400 1472 400 1456 0
w 448 1520 448 1472 0
w 496 1520 496 1488 0
w 544 1520 544 1504 0
s 464 1520 496 1520 0 0 false
g 464 1520 464 1552 0 0
g 512 1520 512 1552 0 0
s 512 1520 544 1520 0 0 false
s 416 1520 448 1520 0 0 false
g 416 1520 416 1552 0 0
w 400 1520 400 1472 0
g 368 1520 368 1552 0 0
s 368 1520 400 1520 0 0 false
w 608 1216 736 1216 0
w 608 1232 736 1232 0
w 608 1248 736 1248 0
w 608 1264 736 1264 0
w 608 1456 672 1456 0
w 672 1456 672 1296 0
w 672 1296 736 1296 0
w 608 1472 688 1472 0
w 688 1472 688 1312 0
w 688 1312 736 1312 0
w 608 1488 704 1488 0
w 704 1488 704 1328 0
w 704 1328 736 1328 0
w 608 1504 720 1504 0
w 720 1504 720 1344 0
w 720 1344 736 1344 0
x 375 1266 392 1269 4 12 0-0
x 421 1267 438 1270 4 12 0-1
x 469 1267 486 1270 4 12 0-2
x 517 1267 534 1270 4 12 0-3
x 373 1505 390 1508 4 12 1-0
x 420 1507 437 1510 4 12 1-1
x 467 1506 484 1509 4 12 1-2
x 518 1508 535 1511 4 12 1-3
x 753 1253 770 1256 4 12 0-2
x 753 1267 770 1270 4 12 0-3
x 753 1237 770 1240 4 12 0-1
x 753 1223 770 1226 4 12 0-0
x 753 1300 770 1303 4 12 1-0
x 753 1314 770 1317 4 12 1-1
x 753 1344 770 1347 4 12 1-3
x 753 1330 770 1333 4 12 1-2
x 1110 1460 1127 1463 4 12 1-3
x 1059 1458 1076 1461 4 12 1-2
x 1012 1459 1029 1462 4 12 1-1
x 965 1457 982 1460 4 12 1-0
x 1109 1331 1126 1334 4 12 0-3
x 1061 1331 1078 1334 4 12 0-2
x 1013 1331 1030 1334 4 12 0-1
x 967 1330 984 1333 4 12 0-0
s 960 1472 992 1472 0 1 false
w 992 1472 992 1424 0
s 1008 1472 1040 1472 0 1 false
s 1104 1472 1136 1472 0 0 false
s 1056 1472 1088 1472 0 1 false
w 1136 1472 1136 1456 0
w 1088 1472 1088 1440 0
w 1040 1472 1040 1424 0
w 1088 1440 1104 1440 0
w 1088 1312 1104 1312 0
w 1040 1296 1056 1296 0
w 992 1296 992 1280 0
w 1040 1344 1040 1296 0
w 1088 1344 1088 1312 0
w 1136 1344 1136 1328 0
s 1056 1344 1088 1344 0 1 false
s 1104 1344 1136 1344 0 1 false
s 1008 1344 1040 1344 0 1 false
w 992 1344 992 1296 0
s 960 1344 992 1344 0 1 false
x 1037 1067 1465 1070 4 24 4bit*2のROMv2(電源とGNDをまとめる)
g 928 1520 928 1552 0 0
w 928 1456 928 1408 0
w 928 1408 928 1392 0
w 928 1392 928 1376 0
w 928 1376 928 1360 0
w 928 1360 928 1344 0
w 1104 1392 1104 1344 0
w 1056 1376 1056 1344 0
w 1008 1360 1008 1344 0
w 992 1424 992 1408 0
w 928 1472 928 1488 0
w 928 1488 928 1504 0
w 928 1504 928 1520 0
w 1104 1520 1104 1472 0
w 1056 1504 1056 1472 0
w 1008 1488 1008 1472 0
w 928 1456 928 1472 0
w 928 1520 1104 1520 0
w 928 1504 1056 1504 0
w 928 1488 1008 1488 0
w 928 1472 960 1472 0
w 928 1392 1104 1392 0
w 928 1376 1056 1376 0
w 928 1360 1008 1360 0
w 928 1344 960 1344 0
R 1216 1120 1216 1088 0 0 40 5 0 0 0.5
r 1152 1120 1152 1168 0 1000
w 1152 1232 1152 1280 0
w 1168 1232 1168 1296 0
w 1184 1232 1184 1312 0
w 1200 1232 1200 1328 0
w 1216 1232 1216 1408 0
w 1232 1232 1232 1424 0
w 1248 1232 1248 1440 0
w 1264 1232 1264 1456 0
w 1152 1280 1328 1280 0
w 1168 1296 1328 1296 0
w 1184 1312 1328 1312 0
w 1200 1328 1328 1328 0
w 1216 1408 1328 1408 0
w 1232 1424 1328 1424 0
w 1248 1440 1328 1440 0
w 1264 1456 1328 1456 0
w 528 896 544 896 0
d 528 896 480 896 2 default
w 528 944 592 944 0
g 448 944 448 976 0 0
s 448 944 480 944 0 0 false
w 448 944 448 896 0
s 448 896 480 896 0 0 false
r 576 800 576 848 0 1000
R 624 768 624 736 0 0 40 5 0 0 0.5
w 544 896 576 896 0
w 576 896 576 864 0
d 528 944 480 944 2 default
x 462 720 603 723 4 24 1bit*2のROM
d 1152 1440 1104 1440 2 default
d 1088 1424 1040 1424 2 default
d 1040 1408 992 1408 2 default
d 1184 1456 1136 1456 2 default
d 1152 1312 1104 1312 2 default
d 1040 1280 992 1280 2 default
d 1104 1296 1056 1296 2 default
d 1184 1328 1136 1328 2 default
w 1040 1280 1152 1280 0
w 1104 1296 1168 1296 0
w 1152 1312 1184 1312 0
w 1184 1328 1200 1328 0
w 1040 1408 1216 1408 0
w 1088 1424 1232 1424 0
w 1152 1440 1248 1440 0
w 1184 1456 1264 1456 0
w 624 768 624 784 0
w 624 784 576 784 0
w 576 784 576 800 0
w 624 784 624 800 0
r 624 800 624 848 0 1000
w 576 848 576 864 0
w 624 848 624 944 0
w 624 944 592 944 0
w 576 896 688 896 0
w 624 944 688 944 0
x 457 879 463 882 4 12 0
x 458 925 464 928 4 12 1
x 676 883 682 886 4 12 0
x 674 931 680 934 4 12 1
w 1216 1120 1200 1120 0
w 1200 1120 1184 1120 0
w 1184 1120 1168 1120 0
w 1168 1120 1152 1120 0
w 1216 1120 1232 1120 0
w 1232 1120 1248 1120 0
w 1248 1120 1264 1120 0
r 1168 1120 1168 1168 0 1000
r 1184 1120 1184 1168 0 1000
r 1200 1120 1200 1168 0 1000
r 1216 1120 1216 1168 0 1000
r 1232 1120 1232 1168 0 1000
r 1248 1120 1248 1168 0 1000
r 1264 1120 1264 1168 0 1000
w 1152 1168 1152 1232 0
w 1168 1168 1168 1232 0
w 1184 1168 1184 1232 0
w 1200 1168 1200 1232 0
w 1216 1168 1216 1232 0
w 1232 1168 1232 1232 0
w 1248 1168 1248 1232 0
w 1264 1168 1264 1232 0
x 1345 1284 1362 1287 4 12 0-0
x 1345 1298 1362 1301 4 12 0-1
x 1345 1328 1362 1331 4 12 0-3
x 1345 1314 1362 1317 4 12 0-2
x 1345 1442 1362 1445 4 12 1-2
x 1345 1456 1362 1459 4 12 1-3
x 1345 1426 1362 1429 4 12 1-1
x 1345 1412 1362 1415 4 12 1-0
x 905 2019 922 2022 4 12 1-0
x 904 2050 921 2053 4 12 1-1
x 903 2113 920 2116 4 12 1-3
x 904 2082 921 2085 4 12 1-2
x 906 1956 923 1959 4 12 0-2
x 906 1986 923 1989 4 12 0-3
x 906 1922 923 1925 4 12 0-1
x 907 1892 924 1895 4 12 0-0
w 656 1808 656 1872 0
w 640 1808 640 1872 0
w 624 1808 624 1872 0
w 608 1808 608 1872 0
w 592 1808 592 1872 0
w 576 1808 576 1872 0
w 560 1808 560 1872 0
w 544 1808 544 1872 0
r 656 1760 656 1808 0 1000
r 640 1760 640 1808 0 1000
r 624 1760 624 1808 0 1000
r 608 1760 608 1808 0 1000
r 592 1760 592 1808 0 1000
r 576 1760 576 1808 0 1000
r 560 1760 560 1808 0 1000
w 640 1760 656 1760 0
w 624 1760 640 1760 0
w 608 1760 624 1760 0
w 560 1760 544 1760 0
w 576 1760 560 1760 0
w 592 1760 576 1760 0
w 608 1760 592 1760 0
w 576 2096 656 2096 0
w 544 2080 640 2080 0
w 480 2064 624 2064 0
w 432 2048 608 2048 0
w 576 1968 592 1968 0
w 544 1952 576 1952 0
w 496 1936 560 1936 0
w 432 1920 544 1920 0
d 576 1968 528 1968 2 default
d 496 1936 448 1936 2 default
d 432 1920 384 1920 2 default
d 544 1952 496 1952 2 default
d 576 2096 528 2096 2 default
d 432 2048 384 2048 2 default
d 480 2064 432 2064 2 default
d 544 2080 496 2080 2 default
w 656 1872 656 2096 0
w 640 1872 640 2080 0
w 624 1872 624 2064 0
w 608 1872 608 2048 0
w 592 1872 592 1968 0
w 576 1872 576 1952 0
w 560 1872 560 1936 0
w 544 1872 544 1920 0
r 544 1760 544 1808 0 1000
R 608 1760 608 1728 0 0 40 5 0 0 0.5
w 320 1984 352 1984 0
w 320 2000 400 2000 0
w 320 2016 448 2016 0
w 320 2032 496 2032 0
w 320 2112 352 2112 0
w 320 2128 400 2128 0
w 320 2144 448 2144 0
w 320 2160 496 2160 0
w 320 2096 320 2112 0
w 400 2128 400 2112 0
w 448 2144 448 2112 0
w 496 2160 496 2112 0
w 320 2144 320 2160 0
w 320 2128 320 2144 0
w 320 2112 320 2128 0
w 384 2064 384 2048 0
w 400 2000 400 1984 0
w 448 2016 448 1984 0
w 496 2032 496 1984 0
w 320 2000 320 1984 0
w 320 2016 320 2000 0
w 320 2032 320 2016 0
w 320 2048 320 2032 0
w 320 2096 320 2048 0
g 320 2160 320 2192 0 0
x 429 1707 731 1710 4 24 4bit*2のROMv3(出力を反転)
s 352 1984 384 1984 0 0 false
w 384 1984 384 1936 0
s 400 1984 432 1984 0 0 false
s 496 1984 528 1984 0 0 false
s 448 1984 480 1984 0 0 false
w 528 1984 528 1968 0
w 480 1984 480 1952 0
w 432 1984 432 1936 0
w 384 1936 384 1920 0
w 432 1936 448 1936 0
w 480 1952 496 1952 0
w 480 2080 496 2080 0
w 432 2112 432 2064 0
w 480 2112 480 2080 0
w 528 2112 528 2096 0
s 448 2112 480 2112 0 0 false
s 496 2112 528 2112 0 0 false
s 400 2112 432 2112 0 0 false
w 384 2112 384 2064 0
s 352 2112 384 2112 0 0 false
x 359 1970 376 1973 4 12 0-0
x 405 1971 422 1974 4 12 0-1
x 453 1971 470 1974 4 12 0-2
x 501 1971 518 1974 4 12 0-3
x 357 2097 374 2100 4 12 1-0
x 404 2099 421 2102 4 12 1-1
x 451 2098 468 2101 4 12 1-2
x 502 2100 519 2103 4 12 1-3
. Not8 1 4 8 16 A1 1 0 2 A2 3 1 2 A3 7 2 2 A4 5 3 2 A5 15 4 2 A6 13 5 2 A7 9 6 2 A8 11 7 2 Y1 2 0 3 Y2 4 1 3 Y3 8 2 3 Y4 6 3 3 Y5 16 4 3 Y6 14 5 3 Y7 10 6 3 Y8 12 7 3 InvertingSchmittElm\s1\s2\rInvertingSchmittElm\s3\s4\rInvertingSchmittElm\s5\s6\rInvertingSchmittElm\s7\s8\rInvertingSchmittElm\s9\s10\rInvertingSchmittElm\s11\s12\rInvertingSchmittElm\s13\s14\rInvertingSchmittElm\s15\s16 0\\s0.5\\s1.66\\s3.33\\s5\\s0\s0\\s0.5\\s1.66\\s3.33\\s5\\s0\s0\\s0.5\\s1.66\\s3.33\\s5\\s0\s0\\s0.5\\s1.66\\s3.33\\s5\\s0\s0\\s0.5\\s1.66\\s3.33\\s5\\s0\s0\\s0.5\\s1.66\\s3.33\\s5\\s0\s0\\s0.5\\s1.66\\s3.33\\s5\\s0\s0\\s0.5\\s1.66\\s3.33\\s5\\s0
410 704 1888 720 1904 1 Not8 0\s0.5\s1.66\s3.33\s5\s0 0\s0.5\s1.66\s3.33\s5\s0 0\s0.5\s1.66\s3.33\s5\s0 0\s0.5\s1.66\s3.33\s5\s0 0\s0.5\s1.66\s3.33\s5\s0 0\s0.5\s1.66\s3.33\s5\s0 0\s0.5\s1.66\s3.33\s5\s0 0\s0.5\s1.66\s3.33\s5\s0
w 544 1920 672 1920 0
w 672 1920 704 1888 0
w 560 1936 672 1936 0
w 672 1936 704 1920 0
w 576 1952 672 1952 0
w 672 1952 704 1952 0
w 592 1968 672 1968 0
w 672 1968 704 1984 0
w 608 2048 672 2048 0
w 672 2048 704 2016 0
w 624 2064 672 2064 0
w 672 2064 704 2048 0
w 640 2080 672 2080 0
w 672 2080 704 2080 0
w 656 2096 672 2096 0
w 672 2096 704 2112 0
w 864 1888 896 1888 0
w 864 1920 896 1920 0
w 864 1952 896 1952 0
w 864 1984 896 1984 0
w 864 2016 896 2016 0
w 864 2048 896 2048 0
w 864 2080 896 2080 0
w 864 2112 896 2112 0
