$ 1 0.000005 10.20027730826997 50 5 50 5e-11
x 383 126 491 129 4 24 74HC154
g 432 224 416 224 0 0
x 361 231 393 234 6 24 G1
x 360 296 392 299 6 24 G2
I 432 224 544 224 0 0.5 5
I 432 288 544 288 0 0.5 5
151 544 256 656 256 0 2 0 5
w 544 224 544 240 0
w 544 272 544 288 0
g 432 288 416 288 0 0
I 656 256 768 256 0 0.5 5
207 304 608 240 608 4 A
207 304 832 240 832 4 B
I 304 608 368 608 0 0.5 5
I 368 608 448 608 0 0.5 5
I 368 832 448 832 0 0.5 5
I 304 832 368 832 0 0.5 5
151 752 512 880 512 0 2 0 5
151 752 624 880 624 0 2 5 5
151 752 736 880 736 0 2 5 5
151 752 848 880 848 0 2 5 5
I 880 512 992 512 0 0.5 5
I 880 624 992 624 0 0.5 5
I 880 736 992 736 0 0.5 5
I 880 848 992 848 0 0.5 5
w 368 608 368 496 0
w 736 496 368 496 0
w 720 608 448 608 0
w 688 832 448 832 0
w 752 528 688 528 0
w 688 640 688 688 0
w 688 688 368 688 0
w 368 688 368 832 0
w 752 640 688 640 0
w 688 640 688 528 0
w 752 752 688 752 0
w 688 752 688 832 0
w 688 832 752 832 0
w 720 608 720 864 0
w 720 864 752 864 0
w 720 608 752 608 0
w 736 496 736 720 0
w 736 720 752 720 0
w 736 496 752 496 0
w 736 1008 752 1008 0
w 736 1232 752 1232 0
w 736 1008 736 1232 0
w 720 1120 752 1120 0
w 720 1376 752 1376 0
w 720 1120 720 1376 0
w 688 1344 752 1344 0
w 688 1264 688 1344 0
w 752 1264 688 1264 0
w 688 1152 688 1040 0
w 752 1152 688 1152 0
w 368 1200 368 1344 0
w 688 1200 368 1200 0
w 688 1152 688 1200 0
w 752 1040 688 1040 0
w 688 1344 448 1344 0
w 752 1120 448 1120 0
w 736 1008 368 1008 0
w 368 1120 368 1008 0
I 880 1360 992 1360 0 0.5 5
I 880 1248 992 1248 0 0.5 5
I 880 1136 992 1136 0 0.5 5
I 880 1024 992 1024 0 0.5 5
151 752 1360 880 1360 0 2 5 5
151 752 1248 880 1248 0 2 5 5
151 752 1136 880 1136 0 2 5 5
151 752 1024 880 1024 0 2 0 5
I 304 1344 368 1344 0 0.5 5
I 368 1344 448 1344 0 0.5 5
I 368 1120 448 1120 0 0.5 5
I 304 1120 368 1120 0 0.5 5
207 304 1344 240 1344 4 D
207 304 1120 240 1120 4 C
151 1584 272 1712 272 0 3 0 5
151 1584 368 1712 368 0 3 5 5
151 1584 560 1712 560 0 3 5 5
151 1584 464 1712 464 0 3 5 5
151 1584 656 1712 656 0 3 5 5
151 1584 944 1712 944 0 3 5 5
151 1584 752 1712 752 0 3 5 5
151 1584 848 1712 848 0 3 5 5
w 768 256 1536 256 0
151 1584 1616 1712 1616 0 3 5 5
151 1584 1520 1712 1520 0 3 5 5
151 1584 1712 1712 1712 0 3 5 5
151 1584 1424 1712 1424 0 3 5 5
151 1584 1232 1712 1232 0 3 5 5
151 1584 1328 1712 1328 0 3 5 5
151 1584 1136 1712 1136 0 3 5 5
151 1584 1040 1712 1040 0 3 5 5
I 1712 272 1776 272 0 0.5 5
I 1776 272 1840 272 0 0.5 5
I 1776 368 1840 368 0 0.5 5
I 1712 368 1776 368 0 0.5 5
I 1712 464 1776 464 0 0.5 5
I 1776 464 1840 464 0 0.5 5
I 1776 560 1840 560 0 0.5 5
I 1712 560 1776 560 0 0.5 5
I 1712 656 1776 656 0 0.5 5
I 1776 656 1840 656 0 0.5 5
I 1712 752 1776 752 0 0.5 5
I 1776 752 1840 752 0 0.5 5
I 1712 848 1776 848 0 0.5 5
I 1776 848 1840 848 0 0.5 5
I 1712 944 1776 944 0 0.5 5
I 1776 944 1840 944 0 0.5 5
I 1712 1040 1776 1040 0 0.5 5
I 1776 1040 1840 1040 0 0.5 5
I 1712 1136 1776 1136 0 0.5 5
I 1776 1136 1840 1136 0 0.5 5
I 1712 1232 1776 1232 0 0.5 5
I 1776 1232 1840 1232 0 0.5 5
I 1712 1328 1776 1328 0 0.5 5
I 1776 1328 1840 1328 0 0.5 5
I 1712 1424 1776 1424 0 0.5 5
I 1776 1424 1840 1424 0 0.5 5
I 1712 1520 1776 1520 0 0.5 5
I 1776 1520 1840 1520 0 0.5 5
I 1712 1616 1776 1616 0 0.5 5
I 1776 1616 1840 1616 0 0.5 5
I 1712 1712 1776 1712 0 0.5 5
I 1776 1712 1840 1712 0 0.5 5
207 1840 272 1904 272 4 Y0-
207 1840 368 1904 368 4 Y1-
207 1840 464 1904 464 4 Y2-
207 1840 560 1904 560 4 Y3-
207 1840 656 1904 656 4 Y4-
207 1840 752 1904 752 4 Y5-
207 1840 848 1904 848 4 Y6-
207 1840 944 1904 944 4 Y7-
207 1840 1040 1904 1040 4 Y8-
207 1840 1136 1904 1136 4 Y9-
207 1840 1232 1904 1232 4 Y10-
207 1840 1328 1904 1328 4 Y11-
207 1840 1424 1904 1424 4 Y12-
207 1840 1520 1904 1520 4 Y13-
207 1840 1616 1904 1616 4 Y14-
207 1840 1712 1904 1712 4 Y15-
w 1536 256 1536 352 0
w 1584 448 1536 448 0
w 1584 544 1536 544 0
w 1584 640 1536 640 0
w 1584 736 1536 736 0
w 1584 832 1536 832 0
w 1584 928 1536 928 0
w 1584 1024 1536 1024 0
w 1584 1120 1536 1120 0
w 1584 1216 1536 1216 0
w 1584 1312 1536 1312 0
w 1584 1408 1536 1408 0
w 1584 1504 1536 1504 0
w 1584 1600 1536 1600 0
w 1584 1696 1536 1696 0
w 1536 256 1584 256 0
w 1584 352 1536 352 0
w 1536 352 1536 448 0
w 1536 448 1536 544 0
w 1536 544 1536 640 0
w 1536 640 1536 736 0
w 1536 736 1536 832 0
w 1536 832 1536 928 0
w 1536 928 1536 1024 0
w 1536 1024 1536 1120 0
w 1536 1120 1536 1216 0
w 1536 1216 1536 1312 0
w 1536 1312 1536 1408 0
w 1536 1408 1536 1504 0
w 1536 1504 1536 1600 0
w 1536 1600 1536 1696 0
w 1584 272 1232 272 0
w 1168 272 1168 512 0
w 992 512 1168 512 0
w 1584 1424 1168 1424 0
w 1168 512 1168 656 0
w 1584 656 1168 656 0
w 1584 1040 1168 1040 0
w 1168 656 1168 1040 0
w 1168 1040 1168 1424 0
x 775 470 857 473 4 24 (A-,B-)
x 783 581 855 584 4 24 (A,B-)
x 778 691 849 694 4 24 (A-,B)
x 778 807 839 810 4 24 (A,B)
x 779 980 863 983 4 24 (C-,D-)
x 777 1096 851 1099 4 24 (C,D-)
x 778 1208 851 1211 4 24 (C-,D)
x 780 1321 843 1324 4 24 (C,D)
x 1580 232 1708 235 4 20 (A-,B-,C-,D-)
x 1591 332 1710 335 4 20 (A,B-,C-,D-)
x 1595 429 1714 432 4 20 (A-,B,C-,D-)
x 1600 522 1710 525 4 20 (A,B,C-,D-)
x 1603 619 1722 622 4 20 (A-,B-,C,D-)
x 1609 715 1720 718 4 20 (A,B-,C,D-)
x 1602 813 1712 816 4 20 (A-,B,C,D-)
x 1601 904 1703 907 4 20 (A,B,C,D-)
x 1598 1002 1717 1005 4 20 (A-,B-,C-,D)
x 1599 1100 1710 1103 4 20 (A,B-,C-,D)
x 1595 1194 1705 1197 4 20 (A-,B,C-,D)
x 1594 1292 1696 1295 4 20 (A,B,C-,D)
x 1591 1387 1702 1390 4 20 (A-,B-,C,D)
x 1593 1484 1695 1487 4 20 (A,B-,C,D)
x 1591 1580 1693 1583 4 20 (A-,B,C,D)
x 1595 1676 1688 1679 4 20 (A,B,C,D)
w 1584 368 1200 368 0
w 1584 752 1200 752 0
w 1584 1136 1200 1136 0
w 1584 1520 1200 1520 0
w 992 624 1200 624 0
w 1200 368 1200 624 0
w 1200 624 1200 752 0
w 1200 752 1200 1136 0
w 1200 1136 1200 1520 0
w 1584 464 1232 464 0
w 1584 1232 1232 1232 0
w 1584 1616 1232 1616 0
w 1584 848 1232 848 0
w 992 736 1232 736 0
w 1232 464 1232 736 0
w 1232 736 1232 848 0
w 1232 848 1232 1232 0
w 1232 1232 1232 1616 0
w 1584 560 1264 560 0
w 1584 944 1264 944 0
w 1584 1328 1264 1328 0
w 1584 1712 1264 1712 0
w 992 848 992 864 0
w 992 864 1264 864 0
w 1264 560 1264 864 0
w 1264 864 1264 944 0
w 1264 944 1264 1328 0
w 1264 1328 1264 1712 0
w 1584 288 1344 288 0
w 1584 384 1344 384 0
w 1584 480 1344 480 0
w 1584 576 1344 576 0
w 992 1024 1024 1024 0
w 1024 1024 1024 432 0
w 1024 432 1344 432 0
w 1344 432 1344 384 0
w 1344 384 1344 288 0
w 1344 432 1344 480 0
w 1344 480 1344 576 0
w 1584 672 1344 672 0
w 1584 768 1344 768 0
w 1584 864 1344 864 0
w 1584 960 1344 960 0
w 992 1136 1056 1136 0
w 1344 816 1056 816 0
w 1056 1136 1056 816 0
w 1344 816 1344 768 0
w 1344 768 1344 672 0
w 1344 816 1344 864 0
w 1344 864 1344 960 0
w 1584 1056 1344 1056 0
w 1584 1152 1344 1152 0
w 1584 1248 1344 1248 0
w 1584 1344 1344 1344 0
w 992 1248 1088 1248 0
w 1344 1200 1088 1200 0
w 1088 1248 1088 1200 0
w 1344 1200 1344 1152 0
w 1344 1152 1344 1056 0
w 1344 1200 1344 1248 0
w 1344 1248 1344 1344 0
w 1584 1440 1344 1440 0
w 1584 1536 1344 1536 0
w 1584 1632 1344 1632 0
w 1584 1728 1344 1728 0
w 992 1360 1088 1360 0
w 1344 1584 1088 1584 0
w 1088 1360 1088 1584 0
w 1344 1584 1344 1536 0
w 1344 1536 1344 1440 0
w 1344 1584 1344 1632 0
w 1344 1632 1344 1728 0
w 1232 272 1168 272 0
. 74HC154 0 6 16 20 A 5 0 2 B 6 1 2 C 32 2 2 D 31 3 2 Y0- 50 0 3 Y1- 52 1 3 Y10- 70 10 3 Y11- 72 11 3 Y12- 74 12 3 Y13- 76 13 3 Y14- 78 14 3 Y15- 80 15 3 Y2- 54 2 3 Y3- 56 3 3 Y4- 58 4 3 Y5- 60 5 3 Y6- 62 6 3 Y7- 64 7 3 Y8- 66 8 3 Y9- 68 9 3 InverterElm\s0\s1\rInverterElm\s0\s2\rNandGateElm\s2\s1\s3\rInverterElm\s3\s4\rInverterElm\s5\s7\rInverterElm\s7\s8\rInverterElm\s9\s10\rInverterElm\s6\s9\rNandGateElm\s9\s7\s11\rNandGateElm\s9\s8\s12\rNandGateElm\s10\s7\s13\rNandGateElm\s8\s10\s14\rInverterElm\s11\s15\rInverterElm\s12\s16\rInverterElm\s13\s17\rInverterElm\s14\s18\rInverterElm\s23\s24\rInverterElm\s25\s26\rInverterElm\s27\s28\rInverterElm\s29\s30\rNandGateElm\s20\s21\s23\rNandGateElm\s21\s19\s25\rNandGateElm\s22\s20\s27\rNandGateElm\s22\s19\s29\rInverterElm\s31\s22\rInverterElm\s22\s21\rInverterElm\s19\s20\rInverterElm\s32\s19\rNandGateElm\s30\s15\s4\s33\rNandGateElm\s30\s16\s4\s34\rNandGateElm\s30\s18\s4\s35\rNandGateElm\s30\s17\s4\s36\rNandGateElm\s28\s15\s4\s37\rNandGateElm\s28\s18\s4\s38\rNandGateElm\s28\s16\s4\s39\rNandGateElm\s28\s17\s4\s40\rNandGateElm\s24\s17\s4\s41\rNandGateElm\s24\s16\s4\s42\rNandGateElm\s24\s18\s4\s43\rNandGateElm\s24\s15\s4\s44\rNandGateElm\s26\s17\s4\s45\rNandGateElm\s26\s18\s4\s46\rNandGateElm\s26\s16\s4\s47\rNandGateElm\s26\s15\s4\s48\rInverterElm\s33\s49\rInverterElm\s49\s50\rInverterElm\s51\s52\rInverterElm\s34\s51\rInverterElm\s36\s53\rInverterElm\s53\s54\rInverterElm\s55\s56\rInverterElm\s35\s55\rInverterElm\s37\s57\rInverterElm\s57\s58\rInverterElm\s39\s59\rInverterElm\s59\s60\rInverterElm\s40\s61\rInverterElm\s61\s62\rInverterElm\s38\s63\rInverterElm\s63\s64\rInverterElm\s48\s65\rInverterElm\s65\s66\rInverterElm\s47\s67\rInverterElm\s67\s68\rInverterElm\s45\s69\rInverterElm\s69\s70\rInverterElm\s46\s71\rInverterElm\s71\s72\rInverterElm\s44\s73\rInverterElm\s73\s74\rInverterElm\s42\s75\rInverterElm\s75\s76\rInverterElm\s41\s77\rInverterElm\s77\s78\rInverterElm\s43\s79\rInverterElm\s79\s80 0\\s0.5\\s5\s0\\s0.5\\s5\s0\\s2\\s0\\s5\s0\\s0.5\\s5\s0\\s0.5\\s5\s0\\s0.5\\s5\s0\\s0.5\\s5\s0\\s0.5\\s5\s0\\s2\\s0\\s5\s0\\s2\\s0\\s5\s0\\s2\\s0\\s5\s0\\s2\\s0\\s5\s0\\s0.5\\s5\s0\\s0.5\\s5\s0\\s0.5\\s5\s0\\s0.5\\s5\s0\\s0.5\\s5\s0\\s0.5\\s5\s0\\s0.5\\s5\s0\\s0.5\\s5\s0\\s2\\s0\\s5\s0\\s2\\s0\\s5\s0\\s2\\s0\\s5\s0\\s2\\s0\\s5\s0\\s0.5\\s5\s0\\s0.5\\s5\s0\\s0.5\\s5\s0\\s0.5\\s5\s0\\s3\\s0\\s5\s0\\s3\\s0\\s5\s0\\s3\\s0\\s5\s0\\s3\\s0\\s5\s0\\s3\\s0\\s5\s0\\s3\\s0\\s5\s0\\s3\\s0\\s5\s0\\s3\\s0\\s5\s0\\s3\\s0\\s5\s0\\s3\\s0\\s5\s0\\s3\\s0\\s5\s0\\s3\\s0\\s5\s0\\s3\\s0\\s5\s0\\s3\\s0\\s5\s0\\s3\\s0\\s5\s0\\s3\\s0\\s5\s0\\s0.5\\s5\s0\\s0.5\\s5\s0\\s0.5\\s5\s0\\s0.5\\s5\s0\\s0.5\\s5\s0\\s0.5\\s5\s0\\s0.5\\s5\s0\\s0.5\\s5\s0\\s0.5\\s5\s0\\s0.5\\s5\s0\\s0.5\\s5\s0\\s0.5\\s5\s0\\s0.5\\s5\s0\\s0.5\\s5\s0\\s0.5\\s5\s0\\s0.5\\s5\s0\\s0.5\\s5\s0\\s0.5\\s5\s0\\s0.5\\s5\s0\\s0.5\\s5\s0\\s0.5\\s5\s0\\s0.5\\s5\s0\\s0.5\\s5\s0\\s0.5\\s5\s0\\s0.5\\s5\s0\\s0.5\\s5\s0\\s0.5\\s5\s0\\s0.5\\s5\s0\\s0.5\\s5\s0\\s0.5\\s5\s0\\s0.5\\s5\s0\\s0.5\\s5
410 2384 608 2576 848 1 74HC154 0\s0.5\s5 0\s0.5\s5 0\s2\s0\s5 0\s0.5\s5 0\s0.5\s5 0\s0.5\s5 0\s0.5\s5 0\s0.5\s5 0\s2\s0\s5 0\s2\s5\s5 0\s2\s5\s5 0\s2\s5\s5 0\s0.5\s5 0\s0.5\s5 0\s0.5\s5 0\s0.5\s5 0\s0.5\s5 0\s0.5\s5 0\s0.5\s5 0\s0.5\s5 0\s2\s5\s5 0\s2\s5\s5 0\s2\s5\s5 0\s2\s0\s5 0\s0.5\s5 0\s0.5\s5 0\s0.5\s5 0\s0.5\s5 0\s3\s0\s5 0\s3\s5\s5 0\s3\s5\s5 0\s3\s5\s5 0\s3\s5\s5 0\s3\s5\s5 0\s3\s5\s5 0\s3\s5\s5 0\s3\s5\s5 0\s3\s5\s5 0\s3\s5\s5 0\s3\s5\s5 0\s3\s5\s5 0\s3\s5\s5 0\s3\s5\s5 0\s3\s5\s5 0\s0.5\s5 0\s0.5\s5 0\s0.5\s5 0\s0.5\s5 0\s0.5\s5 0\s0.5\s5 0\s0.5\s5 0\s0.5\s5 0\s0.5\s5 0\s0.5\s5 0\s0.5\s5 0\s0.5\s5 0\s0.5\s5 0\s0.5\s5 0\s0.5\s5 0\s0.5\s5 0\s0.5\s5 0\s0.5\s5 0\s0.5\s5 0\s0.5\s5 0\s0.5\s5 0\s0.5\s5 0\s0.5\s5 0\s0.5\s5 0\s0.5\s5 0\s0.5\s5 0\s0.5\s5 0\s0.5\s5 0\s0.5\s5 0\s0.5\s5 0\s0.5\s5 0\s0.5\s5
L 2384 608 2288 608 2 0 false 5 0
L 2384 640 2288 640 2 0 false 5 0
L 2384 672 2288 672 2 0 false 5 0
L 2384 704 2288 704 2 0 false 5 0
r 2608 608 2688 608 0 1000
162 2688 608 2784 608 2 default-led 1 0 0 0.01
162 2688 640 2784 640 2 default-led 1 0 0 0.01
r 2608 640 2688 640 0 1000
162 2688 672 2784 672 2 default-led 1 0 0 0.01
r 2608 672 2688 672 0 1000
162 2688 704 2784 704 2 default-led 1 0 0 0.01
r 2608 704 2688 704 0 1000
162 2688 736 2784 736 2 default-led 1 0 0 0.01
r 2608 736 2688 736 0 1000
162 2688 768 2784 768 2 default-led 1 0 0 0.01
r 2608 768 2688 768 0 1000
162 2688 800 2784 800 2 default-led 1 0 0 0.01
r 2608 800 2688 800 0 1000
162 2688 832 2784 832 2 default-led 1 0 0 0.01
r 2608 832 2688 832 0 1000
162 2688 864 2784 864 2 default-led 1 0 0 0.01
r 2608 864 2688 864 0 1000
162 2688 896 2784 896 2 default-led 1 0 0 0.01
r 2608 896 2688 896 0 1000
162 2688 928 2784 928 2 default-led 1 0 0 0.01
r 2608 928 2688 928 0 1000
162 2688 960 2784 960 2 default-led 1 0 0 0.01
r 2608 960 2688 960 0 1000
162 2688 992 2784 992 2 default-led 1 0 0 0.01
r 2608 992 2688 992 0 1000
162 2688 1024 2784 1024 2 default-led 1 0 0 0.01
r 2608 1024 2688 1024 0 1000
162 2688 1056 2784 1056 2 default-led 1 0 0 0.01
r 2608 1056 2688 1056 0 1000
162 2688 1088 2784 1088 2 default-led 1 0 0 0.01
r 2608 1088 2688 1088 0 1000
g 2832 608 2928 608 0 0
w 2784 640 2832 640 0
w 2784 672 2832 672 0
w 2784 704 2832 704 0
w 2784 736 2832 736 0
w 2784 768 2832 768 0
w 2784 800 2832 800 0
w 2784 832 2832 832 0
w 2784 864 2832 864 0
w 2784 896 2832 896 0
w 2784 928 2832 928 0
w 2784 960 2832 960 0
w 2784 992 2832 992 0
w 2784 1024 2832 1024 0
w 2784 1056 2832 1056 0
w 2784 1088 2832 1088 0
w 2784 608 2832 608 0
w 2832 608 2832 640 0
w 2832 640 2832 672 0
w 2832 672 2832 704 0
w 2832 704 2832 736 0
w 2832 736 2832 768 0
w 2832 768 2832 800 0
w 2832 800 2832 832 0
w 2832 832 2832 864 0
w 2832 864 2832 896 0
w 2832 896 2832 928 0
w 2832 928 2832 960 0
w 2832 960 2832 992 0
w 2832 992 2832 1024 0
w 2832 1024 2832 1056 0
w 2832 1056 2832 1088 0
