$ 1 0.000005 0.48711659992454737 50 5 43 5e-11
196 800 -208 880 -208 2 4
L -144 224 -208 224 2 0 false 5 0
195 624 -272 720 -272 0
L -144 288 -208 288 2 0 false 5 0
L -144 256 -208 256 2 0 false 5 0
L -144 320 -208 320 2 0 false 5 0
L -144 464 -208 464 2 0 false 5 0
L -144 400 -208 400 2 0 false 5 0
L -144 432 -208 432 2 0 false 5 0
L -144 368 -208 368 2 0 false 5 0
L -144 512 -208 512 2 1 false 5 0
L -144 576 -208 576 2 1 false 5 0
L -144 544 -208 544 2 1 false 5 0
L -144 608 -208 608 2 1 false 5 0
L -144 752 -208 752 2 1 false 5 0
L -144 688 -208 688 2 1 false 5 0
L -144 720 -208 720 2 1 false 5 0
L -144 656 -208 656 2 1 false 5 0
L -144 1296 -208 1296 2 1 false 5 0
L -144 1360 -208 1360 2 1 false 5 0
L -144 1328 -208 1328 2 1 false 5 0
L -144 1392 -208 1392 2 1 false 5 0
L -144 1248 -208 1248 2 0 false 5 0
L -144 1184 -208 1184 2 0 false 5 0
L -144 1216 -208 1216 2 0 false 5 0
L -144 1152 -208 1152 2 0 false 5 0
L -144 1008 -208 1008 2 1 false 5 0
L -144 1072 -208 1072 2 1 false 5 0
L -144 1040 -208 1040 2 1 false 5 0
L -144 1104 -208 1104 2 1 false 5 0
L -144 960 -208 960 2 0 false 5 0
L -144 896 -208 896 2 0 false 5 0
L -144 928 -208 928 2 0 false 5 0
L -144 864 -208 864 2 0 false 5 0
x -356 489 -319 492 4 24 IN1
x -347 1065 -310 1068 4 24 IN2
196 928 -80 1008 -80 2 4
196 1184 144 1264 144 2 4
196 1056 32 1136 32 2 4
196 1568 544 1648 544 2 4
196 1696 656 1776 656 2 4
196 1440 432 1520 432 2 4
196 1312 304 1392 304 2 4
196 1824 832 1904 832 2 4
196 1952 960 2032 960 2 4
196 2208 1184 2288 1184 2 4
196 2080 1072 2160 1072 2 4
196 2464 1456 2544 1456 2 4
196 2592 1568 2672 1568 2 4
196 2336 1344 2416 1344 2 4
w 2560 1504 2560 1488 0
w -144 224 560 224 0
w 560 224 560 -272 0
w 576 -272 624 -272 0
w -144 864 576 864 0
w 576 864 576 -240 0
w 576 -240 624 -240 0
w 720 -240 752 -240 0
w 752 -240 752 -112 0
w 752 -112 800 -112 0
w -144 256 640 256 0
w 640 256 640 32 0
w 640 32 640 16 0
w 720 896 720 48 0
w 720 48 800 48 0
w 560 -272 576 -272 0
w 640 16 800 16 0
w -144 896 720 896 0
w -144 288 896 288 0
w -144 928 896 928 0
w 928 176 912 176 0
w 912 176 912 928 0
w 912 928 896 928 0
w 1056 288 1040 288 0
w 1040 288 1040 960 0
w 896 288 896 144 0
w 896 144 928 144 0
w -144 960 1040 960 0
w -144 320 992 320 0
w 992 256 992 320 0
w 992 256 1056 256 0
w -144 368 1184 368 0
w -144 1008 1088 1008 0
w 1088 400 1088 1008 0
w 1088 400 1184 400 0
w 1248 560 1248 1040 0
w 1248 560 1312 560 0
w -144 400 992 400 0
w 992 528 1312 528 0
w 992 400 992 528 0
w -144 1040 1248 1040 0
w -144 432 800 432 0
w 800 432 800 656 0
w 800 656 1440 656 0
w -144 1072 1344 1072 0
w 1344 688 1344 1072 0
w 1344 688 1440 688 0
w -144 464 528 464 0
w 528 464 528 752 0
w 528 768 1568 768 0
w 528 752 528 768 0
w -144 1104 1440 1104 0
w 1440 800 1440 1104 0
w 1440 800 1568 800 0
w -144 512 464 512 0
w -144 1152 1632 1152 0
w 1632 896 1632 1152 0
w 1632 896 1696 912 0
w -144 544 416 544 0
w 416 544 416 1056 0
w 416 1056 1824 1056 0
w -144 1184 1760 1184 0
w 1760 1088 1760 1184 0
w 1760 1088 1824 1088 0
w -144 576 384 576 0
w 384 576 384 1184 0
w 384 1184 1952 1184 0
w -144 1216 1952 1216 0
w -144 608 352 608 0
w 352 608 352 1280 0
w 352 1280 2080 1296 0
w -144 1248 336 1248 0
w 336 1248 336 1296 0
w 336 1296 2080 1328 0
w -144 656 288 656 0
w 288 656 304 1328 0
w -144 1296 272 1296 0
w 272 1296 272 1392 0
w 304 1328 2192 1408 0
w 2192 1408 2208 1408 0
w 272 1392 2208 1440 0
w -144 688 224 688 0
w 224 688 240 1488 0
w -144 1328 192 1328 0
w 192 1328 192 1552 0
w 240 1488 2336 1568 0
w 192 1552 2336 1600 0
w -144 720 176 720 0
w 176 720 208 1632 0
w 208 1632 2464 1680 0
w -144 1360 96 1360 0
w 96 1360 96 1696 0
w 96 1696 2464 1712 0
w -144 752 -48 752 0
w -48 752 -32 1744 0
w -32 1744 2592 1792 0
w -144 1392 -144 1776 0
w -144 1776 2592 1824 0
M 3040 464 3168 464 2 2.5
M 3040 496 3168 496 2 2.5
M 3040 528 3168 528 2 2.5
M 3040 560 3168 560 2 2.5
M 3040 704 3168 704 2 2.5
M 3040 672 3168 672 2 2.5
M 3040 640 3168 640 2 2.5
M 3040 608 3168 608 2 2.5
M 3040 752 3168 752 2 2.5
M 3040 784 3168 784 2 2.5
M 3040 816 3168 816 2 2.5
M 3040 848 3168 848 2 2.5
M 3040 992 3168 992 2 2.5
M 3040 960 3168 960 2 2.5
M 3040 928 3168 928 2 2.5
M 3040 896 3168 896 2 2.5
w 3024 464 3040 464 0
x 3139 1675 3307 1678 4 24 オーバーフロー
x 3234 746 3284 749 4 24 OUT
w 1696 880 464 512 0
w 3040 1168 3040 1184 0
w 896 -80 928 16 0
w 1024 48 1056 128 0
w 1152 160 1184 240 0
w 1280 272 1312 400 0
w 1408 432 1440 528 0
w 1536 560 1568 640 0
w 1664 672 1696 752 0
w 1792 784 1824 928 0
w 1920 960 1952 1056 0
w 2048 1088 2080 1168 0
w 2176 1200 2208 1280 0
w 2304 1312 2336 1440 0
w 2432 1472 2464 1552 0
w 2560 1584 2592 1664 0
w 720 -272 2704 -240 0
w 2704 -240 3024 464 0
w 896 -48 960 -192 0
w 960 -192 3040 496 0
w 1024 80 1136 -64 0
w 1136 -64 3040 528 0
w 1152 192 1280 64 0
w 1280 64 3040 560 0
w 1280 304 1552 208 0
w 1552 208 3040 608 0
w 1408 464 1488 336 0
w 1488 336 3040 640 0
w 1536 592 1632 448 0
w 1632 448 3040 672 0
w 1664 704 1728 560 0
w 1728 560 3040 704 0
w 1792 816 1968 720 0
w 1968 720 3040 752 0
w 1920 992 2080 800 0
w 2080 800 3040 784 0
w 2048 1120 2224 896 0
w 2224 896 3040 816 0
w 2176 1232 2272 944 0
w 2272 944 3040 848 0
w 2304 1344 2512 976 0
w 2512 976 3040 896 0
w 2432 1504 2640 1040 0
w 2640 1040 3040 928 0
w 2560 1616 3040 960 0
w 2688 1728 3040 992 0
w 2688 1696 3136 1696 0
M 3136 1696 3264 1696 2 2.5
