$ 1 0.000005 10.20027730826997 50 5 43 5e-11
184 -32 16 80 16 0 2
L -352 176 -352 128 2 0 false 5 0
L -288 176 -288 128 2 0 false 5 0
L -256 176 -256 128 2 0 false 5 0
L -320 176 -320 128 2 0 false 5 0
L -320 384 -320 336 2 1 false 5 0
L -256 384 -256 336 2 1 false 5 0
L -288 384 -288 336 2 1 false 5 0
L -352 384 -352 336 2 1 false 5 0
L -256 544 -320 544 2 0 false 5 0
L -256 576 -320 576 2 1 false 5 0
L -256 640 -320 640 2 0 false 5 0
L -256 608 -320 608 2 0 false 5 0
L -256 672 -320 672 2 1 false 5 0
x -330 102 -293 105 4 24 IN1
x -322 306 -285 309 4 24 IN2
x -387 549 -363 552 4 24 zx
x -388 580 -363 583 4 24 nx
x -388 612 -364 615 4 24 zy
x -389 643 -364 646 4 24 ny
x -387 675 -381 678 4 24 f
x -385 705 -359 708 4 24 no
184 -32 336 80 336 0 2
w -256 544 -192 544 0
w -192 544 -192 224 0
150 400 464 464 464 0 2 5 5
184 -32 -208 80 -208 0 2
184 160 -208 272 -208 0 2
184 160 16 272 16 0 2
184 -32 576 80 576 0 2
184 176 336 288 336 0 2
184 192 576 304 576 0 2
L -48 -176 -80 -176 2 0 true 5 0
L -48 -208 -80 -208 2 1 true 5 0
w -48 -208 -32 -208 0
w -48 -176 -32 -176 0
L 144 -208 112 -208 2 1 true 5 0
L 144 -176 112 -176 2 0 true 5 0
L -48 16 -80 16 2 1 true 5 0
L -48 48 -80 48 2 0 true 5 0
L 144 48 112 48 2 0 true 5 0
L 144 16 112 16 2 1 true 5 0
L -48 336 -80 336 2 1 true 5 0
L -48 368 -80 368 2 0 true 5 0
L 160 368 128 368 2 0 true 5 0
L 160 336 128 336 2 1 true 5 0
L 176 576 144 576 2 1 true 5 0
L 176 608 144 608 2 0 true 5 0
L -48 608 -80 608 2 0 true 5 0
L -48 576 -80 576 2 1 true 5 0
w 144 -208 160 -208 0
w 144 -176 160 -176 0
w -48 16 -32 16 0
w -48 48 -32 48 0
w 144 16 160 16 0
w 144 48 160 48 0
w -48 336 -32 336 0
w -48 368 -32 368 0
w 160 336 176 336 0
w 160 368 176 368 0
w -48 576 -32 576 0
w -48 608 -32 608 0
w 176 576 192 576 0
w 176 608 192 608 0
150 400 576 464 576 0 2 5 5
150 384 48 448 48 0 2 0 5
150 384 -48 448 -48 0 2 0 5
w -192 224 32 224 0
w 32 224 32 176 0
w 32 224 224 224 0
w 224 224 224 176 0
w -192 224 -192 -32 0
w -192 -32 32 -32 0
w 32 -32 32 -48 0
w 32 -32 224 -32 0
w 224 -32 224 -48 0
w -256 608 -160 608 0
w -160 608 -160 768 0
w -160 768 32 768 0
w 32 768 32 736 0
w 32 768 256 768 0
w 256 768 256 736 0
w -160 608 -160 528 0
w -160 528 32 528 0
w 32 528 32 496 0
w 32 528 240 528 0
w 240 528 240 496 0
w -352 176 -352 256 0
w -320 176 -320 240 0
w -288 176 -288 224 0
w -256 176 -256 208 0
150 384 144 448 144 0 2 0 5
150 384 -144 448 -144 0 2 0 5
w 96 -240 96 -208 0
w 96 -240 352 -240 0
w 352 -240 352 -160 0
w 352 -160 368 -160 0
w 368 -160 384 -160 0
w 288 -208 288 -64 0
w 288 -64 384 -64 0
w 96 -16 96 16 0
w 96 -16 352 -16 0
w 352 -16 352 32 0
w 352 32 384 32 0
w 288 16 288 128 0
w 288 128 384 128 0
w -352 256 368 256 0
w 368 160 368 256 0
w 368 160 384 160 0
w -320 240 352 240 0
w 352 64 352 240 0
w 352 64 384 64 0
w -288 224 336 224 0
w 336 -32 336 224 0
w 336 -32 384 -32 0
w -256 208 320 208 0
w 320 -128 320 208 0
w 320 -128 384 -128 0
150 400 368 464 368 0 2 5 5
150 400 672 464 672 0 2 5 5
w 96 304 96 336 0
w 96 304 368 304 0
w 368 304 368 352 0
w 368 352 400 352 0
w 304 336 352 336 0
w 352 336 352 448 0
w 352 448 400 448 0
w 96 544 96 576 0
w 96 544 368 544 0
w 368 544 368 560 0
w 368 560 400 560 0
w 320 576 320 656 0
w 320 656 400 656 0
w -352 384 -352 496 0
w -352 496 336 496 0
w 336 496 336 688 0
w 336 688 400 688 0
w -320 384 -320 480 0
w -320 480 352 480 0
w 352 480 352 592 0
w 352 592 400 592 0
w -288 384 -288 464 0
w -288 464 368 464 0
w 368 464 368 480 0
w 368 480 400 480 0
w -256 384 -256 448 0
w -256 448 336 448 0
w 336 384 336 448 0
w 336 384 400 384 0
I 480 -144 544 -144 0 0.5 5
I 480 -48 544 -48 0 0.5 5
I 480 144 544 144 0 0.5 5
I 480 368 544 368 0 0.5 5
I 480 464 544 464 0 0.5 5
I 480 672 544 672 0 0.5 5
I 480 576 544 576 0 0.5 5
w 448 -144 480 -144 0
w 448 -48 480 -48 0
w 448 48 480 48 0
w 448 144 480 144 0
w 464 368 480 368 0
w 464 464 480 464 0
w 464 576 480 576 0
w 464 672 480 672 0
184 592 -208 704 -208 0 2
184 768 -208 880 -208 0 2
184 592 16 704 16 0 2
184 768 16 880 16 0 2
184 768 544 880 544 0 2
184 592 544 704 544 0 2
184 768 320 880 320 0 2
184 592 320 704 320 0 2
w 480 -144 480 -208 0
w 480 -208 592 -208 0
w 544 -144 592 -176 0
w 464 -256 736 -256 0
w 736 -256 736 -208 0
w 736 -208 752 -208 0
w 752 -208 768 -208 0
w 544 -48 736 -176 0
w 736 -176 768 -176 0
w 448 -48 464 -256 0
w 448 48 464 16 0
w 464 16 592 16 0
w 448 144 768 16 0
w 544 144 768 48 0
w 464 368 592 320 0
w 544 368 592 352 0
w 464 464 768 320 0
w 544 464 768 352 0
w 464 576 592 544 0
w 544 576 592 576 0
w 464 672 768 544 0
w 544 672 768 576 0
w -256 576 -224 576 0
w -224 288 -224 576 0
w -224 288 752 288 0
w 752 192 752 288 0
w 752 192 656 192 0
w 656 192 656 176 0
w 752 192 832 192 0
w 832 176 832 192 0
w 752 192 752 -16 0
w 752 -16 656 -16 0
w 656 -48 656 -16 0
w 752 -16 832 -16 0
w 832 -48 832 -16 0
w -256 640 -176 640 0
w -176 640 -176 784 0
w -176 784 752 784 0
w 752 496 752 784 0
w 752 496 656 496 0
w 656 496 656 480 0
w 752 496 832 496 0
w 832 480 832 496 0
w 752 784 656 704 0
w 752 784 832 704 0
150 1024 -112 1088 -112 0 2 5 5
150 1024 80 1088 80 0 2 5 5
150 1024 -16 1088 -16 0 2 5 5
150 1024 176 1088 176 0 2 5 5
w 720 -208 768 -256 0
w 768 -256 976 -256 0
w 976 -256 976 -128 0
w 976 -128 1008 -128 0
w 1008 -128 1024 -128 0
w 896 -208 976 -32 0
w 976 -32 1024 -32 0
w 720 16 720 -32 0
w 720 -32 944 -32 0
w 944 -32 944 64 0
w 944 64 1024 64 0
w 896 16 896 160 0
w 896 160 1024 160 0
196 1024 368 1088 368 2 4
L -256 704 -320 704 2 1 false 5 0
w 976 -256 976 464 0
w 976 464 1008 464 0
w 1008 464 1024 464 0
w 896 -208 928 -208 0
w 928 -208 928 432 0
w 928 432 1024 432 0
w 720 16 720 240 0
w 720 240 960 240 0
w 960 240 960 400 0
w 960 400 1024 400 0
w 896 16 896 272 0
w 896 272 1008 272 0
w 1008 272 1008 368 0
w 1008 368 1024 368 0
I 480 48 544 48 0 0.5 5
w 544 48 592 48 0
w 896 544 992 544 0
w 992 544 992 192 0
w 992 192 1024 192 0
w 720 544 720 512 0
w 720 512 944 512 0
w 944 512 944 96 0
w 944 96 1024 96 0
w 896 320 896 0 0
w 896 0 1024 0 0
w 720 320 720 208 0
w 720 208 912 208 0
w 912 208 912 -96 0
w 912 -96 1024 -96 0
w 912 320 912 592 0
w 912 592 1024 592 0
w 720 320 784 272 0
w 784 272 912 272 0
w 912 272 912 320 0
w 896 320 896 576 0
w 896 576 1024 560 0
w 720 544 1024 528 0
w 992 544 1024 496 0
184 1264 16 1376 16 0 2
184 1440 16 1552 16 0 2
184 1440 256 1552 256 0 2
184 1264 256 1376 256 0 2
w 1088 -112 1264 16 0
w 1120 528 1232 528 0
w 1232 528 1232 48 0
w 1232 48 1264 48 0
w 1088 -16 1216 -80 0
w 1216 -80 1424 -80 0
w 1424 -80 1424 16 0
w 1424 16 1440 16 0
w 1120 496 1200 496 0
w 1200 496 1200 208 0
w 1200 208 1424 208 0
w 1424 208 1424 48 0
w 1424 48 1440 48 0
w 1088 80 1136 80 0
w 1136 80 1136 256 0
w 1136 256 1264 256 0
w 1120 464 1184 464 0
w 1184 464 1184 288 0
w 1184 288 1264 288 0
w 1088 176 1088 224 0
w 1088 224 1408 224 0
w 1408 224 1440 256 0
w 1120 432 1424 432 0
w 1424 432 1424 288 0
w 1424 288 1440 288 0
w -288 704 -304 704 0
w -256 672 -192 672 0
w -192 672 -192 816 0
w -192 816 1120 816 0
w 1120 816 1392 816 0
w 1392 816 1488 816 0
w 1488 816 1504 416 0
w 1392 816 1328 416 0
w 1392 816 1376 192 0
w 1376 192 1328 176 0
w 1376 192 1504 176 0
I 1712 528 1776 528 0 0.5 5
I 1712 592 1776 592 0 0.5 5
I 1712 720 1776 720 0 0.5 5
I 1712 656 1776 656 0 0.5 5
w 1392 -128 1392 16 0
w 1392 -128 1648 -128 0
w 1648 -128 1648 528 0
w 1648 528 1712 528 0
w 1568 16 1616 16 0
w 1616 16 1616 592 0
w 1616 592 1712 592 0
w 1392 256 1552 656 0
w 1552 656 1712 656 0
w 1568 256 1568 720 0
w 1568 720 1712 720 0
184 1888 16 2000 16 0 2
184 2064 16 2176 16 0 2
184 2064 256 2176 256 0 2
184 1888 256 2000 256 0 2
w 1648 -128 1888 16 0
w 1776 528 1776 48 0
w 1776 48 1888 48 0
w 1616 16 1792 -112 0
w 1792 -112 2048 -112 0
w 2048 -112 2048 16 0
w 2048 16 2064 16 0
w 1776 592 1840 592 0
w 1840 208 1840 592 0
w 1840 208 2048 208 0
w 2048 208 2048 48 0
w 2048 48 2064 48 0
w 1392 256 1680 144 0
w 1680 144 1888 256 0
w 1776 656 1808 656 0
w 1808 656 1808 288 0
w 1808 288 1888 288 0
w 1568 256 1984 224 0
w 1984 224 2064 256 0
w 1776 720 2048 560 0
w 2048 560 2048 288 0
w 2048 288 2064 288 0
w -256 704 -256 848 0
w -256 848 1888 848 0
w 1888 848 2064 848 0
w 2064 848 1952 416 0
w 2064 848 2128 416 0
w 2064 848 2032 192 0
w 2032 192 1952 176 0
w 2032 192 2128 176 0
152 2288 144 2320 144 0 2 5 5
152 2288 256 2320 256 0 2 0 5
152 2368 208 2400 208 0 2 5 5
w 2016 16 2080 -64 0
w 2080 -64 2256 -64 0
w 2256 -64 2256 128 0
w 2256 128 2288 128 0
w 2192 16 2224 16 0
w 2224 16 2224 160 0
w 2224 160 2288 160 0
w 2016 256 2096 208 0
w 2096 208 2272 208 0
w 2272 208 2272 240 0
w 2272 240 2288 240 0
w 2192 256 2288 272 0
w 2320 144 2368 192 0
w 2320 256 2368 224 0
I 2432 208 2496 208 0 0.5 5
w 2400 208 2432 208 0
150 2528 288 2592 288 0 2 0 5
w 2496 208 2544 208 0
L 2496 304 2464 304 2 1 true 5 0
419 2752 16 2832 16 0 4
w 2256 -64 2752 112 0
w 2224 16 2752 80 0
w 2272 208 2752 48 0
M 2784 224 2848 224 2 2.5
M 2784 288 2848 288 2 2.5
x 2904 68 2954 71 4 24 OUT
x 2906 227 3113 230 4 24 ZR(OUTが0の場合)
x 2906 296 3128 299 4 24 NG(OUTが負の場合)
w 2544 208 2784 224 0
w 2496 272 2512 272 0
w 2512 272 2528 272 0
w 2496 304 2528 304 0
w 2592 288 2784 288 0
w 2192 256 2272 336 0
w 2272 336 2496 272 0
w 2192 256 2496 -48 0
w 2496 -48 2752 16 0
