$ 1 0.000005 3.1763992386181834 45 5 43 5e-11
R 112 592 48 592 1 2 100 2.5 2.5 0 0.5
184 240 304 368 304 0 2
L 144 336 48 336 2 1 false 5 0
w 144 336 240 336 0
L 144 416 48 416 2 0 false 5 0
w 144 416 144 496 0
w 144 496 304 496 0
w 304 496 304 464 0
x 43 292 67 295 4 24 IN
x 43 392 108 395 4 24 LOAD
155 496 304 544 304 0 5
w 368 304 496 304 0
w 592 304 672 304 0
w 672 304 672 160 0
w 672 160 160 160 0
w 160 160 160 304 0
w 160 304 240 304 0
w 672 304 752 304 0
M 800 304 880 304 2 2.5
w 752 304 800 304 0
w 112 592 464 592 0
w 464 592 464 336 0
w 464 336 496 336 0
