$ 1 0.000005 10.20027730826997 50 5 43 5e-11
L -176 144 -224 144 2 1 false 5 0
L -176 192 -224 192 2 1 false 5 0
L -176 368 -224 368 2 1 false 5 0
L -176 320 -224 320 2 1 false 5 0
L -176 416 -224 416 2 1 false 5 0
L -176 464 -224 464 2 0 false 5 0
x -402 146 -241 149 4 15 zr(aluのoutが0かどうか)
x -408 196 -236 199 4 15 ng(aluのoutが負かどうか)
x -323 322 -238 325 4 15 instruction[0]
x -322 373 -237 376 4 15 instruction[1]
x -322 419 -237 422 4 15 instruction[2]
x -328 467 -235 470 4 15 instruction[15]
150 48 -64 96 -64 0 2 0 5
152 -32 -64 16 -64 0 2 0 5
I -144 -64 -80 -64 0 0.5 5
I -112 144 -48 144 0 0.5 5
I -112 192 -48 192 0 0.5 5
150 -112 48 -64 48 0 2 5 5
150 -112 272 -64 272 0 2 5 5
150 0 224 48 224 0 2 0 5
152 112 256 160 256 0 2 5 5
150 208 192 256 192 0 2 0 5
152 320 128 368 128 0 2 5 5
150 416 224 464 224 0 2 0 5
w -176 144 -112 144 0
w -176 192 -112 192 0
w -176 144 -176 32 0
w -176 32 -112 32 0
w -176 192 -176 256 0
w -176 256 -112 256 0
w -176 368 -160 368 0
w -160 368 -160 64 0
w -160 64 -112 64 0
x -52 34 -33 37 4 15 w5
x -73 129 -38 132 4 15 notZr
x -73 179 -33 182 4 15 notNg
x -59 263 -40 266 4 15 w1
x 56 212 75 215 4 15 w2
x 162 243 181 246 4 15 w3
x 257 180 276 183 4 15 w4
x 372 113 391 116 4 15 w6
x 540 208 589 211 4 15 loadPC
w -176 416 -144 416 0
w -144 416 -144 288 0
w -144 288 -112 288 0
w -48 192 -32 192 0
w -32 192 -32 208 0
w -32 208 0 208 0
w -176 320 -32 320 0
w -32 320 -32 240 0
w -32 240 0 240 0
w -64 272 112 272 0
w 48 224 96 224 0
w 96 224 96 240 0
w 96 240 112 240 0
w 160 256 192 256 0
w 192 256 192 208 0
w 192 208 208 208 0
w -48 144 128 144 0
w 128 144 128 176 0
w 128 176 208 176 0
w 256 192 288 192 0
w 288 192 288 144 0
w 288 144 320 144 0
w -64 48 240 48 0
w 240 48 240 112 0
w 240 112 320 112 0
w 368 128 384 128 0
w 384 128 384 208 0
w 384 208 416 208 0
w -176 464 384 464 0
w 384 464 384 240 0
w 384 240 416 240 0
M 528 224 608 224 2 2.5
w 464 224 528 224 0
