$ 1 0.000005 3.1763992386181834 45 5 43 5e-11
151 176 304 272 304 0 2 5 5
I 48 464 112 464 0 0.5 5
151 176 448 272 448 0 2 5 5
151 336 432 432 432 0 2 0 5
151 336 320 432 320 0 2 5 5
151 496 304 592 304 0 2 0 5
151 496 448 592 448 0 2 5 5
151 656 320 752 320 0 2 5 5
151 656 432 752 432 0 2 0 5
R -64 176 -64 128 0 0 40 5 0 0 0.5
s -32 320 32 320 0 0 false
w -64 176 -32 320 0
w 32 320 176 320 0
w 128 288 176 288 0
w 272 448 336 448 0
w 288 352 160 352 0
w 160 352 160 432 0
w 160 432 176 432 0
w 288 352 288 304 0
w 272 304 288 304 0
w 288 304 336 304 0
w 128 288 128 464 0
w 112 464 128 464 0
w 128 464 176 464 0
w 336 336 320 336 0
w 320 336 320 368 0
w 320 368 448 368 0
w 448 368 448 432 0
w 448 432 432 432 0
w 432 320 464 320 0
w 464 320 464 384 0
w 464 384 320 384 0
w 320 384 320 416 0
w 320 416 336 416 0
w 464 320 480 320 0
w 480 320 496 320 0
w 48 464 32 464 0
w 32 464 32 496 0
w 32 496 480 496 0
w 496 288 480 288 0
w 496 464 480 464 0
w 480 288 480 464 0
w 480 464 480 496 0
w 592 304 608 304 0
w 608 304 608 352 0
w 608 352 496 352 0
w 496 352 496 432 0
w 608 304 656 304 0
w 592 448 656 448 0
w 752 432 784 432 0
w 656 336 656 368 0
w 656 368 752 368 0
w 752 368 752 432 0
w 752 320 768 320 0
w 768 320 800 320 0
w 768 320 768 352 0
w 768 352 768 384 0
w 768 384 656 384 0
w 656 384 656 416 0
R -16 464 -80 464 1 2 100 2.5 2.5 0 0.5
w -16 464 32 464 0
x 781 277 799 280 4 24 Q
x 784 408 809 411 4 24 !Q
