$ 1 0.000005 10.20027730826997 50 5 43 5e-11
L 16 48 -32 48 2 1 false 5 0
L 16 128 -32 128 2 1 false 5 0
L 16 208 -32 208 2 1 false 5 0
195 304 176 368 176 0
195 128 80 192 80 0
152 448 160 512 160 0 2 5 5
M 512 160 592 160 2 2.5
M 528 240 592 240 2 2.5
w 16 128 128 112 0
w 16 48 128 80 0
w 224 80 272 176 0
w 16 208 272 208 0
w 272 176 304 176 0
w 272 208 304 208 0
w 224 112 448 144 0
w 400 208 448 176 0
w 400 176 416 176 0
w 416 176 416 240 0
w 416 240 480 240 0
w 480 240 528 240 0
x 567 129 625 132 4 24 Carry
x 572 215 621 218 4 24 Sum
