$ 1 0.000005 10.20027730826997 50 5 43 5e-11
g 624 192 624 256 0 0
w -32 176 32 176 0
R -32 176 -32 48 0 0 40 5 0 0 0.5
162 480 192 560 192 2 default-led 1 0 0 0.01
162 480 240 560 240 2 default-led 1 0 0 0.01
w 624 192 608 192 0
w 560 240 608 192 0
w 560 192 608 192 0
s 48 224 96 224 0 0 false
s 48 176 96 176 0 0 false
s 32 176 48 176 0 0 false
s 32 176 48 224 0 0 false
150 192 192 272 192 0 2 4.999999999999999 5
w 96 176 192 176 0
w 96 224 192 208 0
154 160 288 304 288 0 2 0 5
w 96 176 160 272 0
w 96 224 160 304 0
w 272 192 480 192 0
w 304 288 480 240 0
x 494 161 552 164 4 24 Carry
x 498 282 547 285 4 24 Sum
x 52 152 89 155 4 24 IN1
x 53 207 90 210 4 24 IN2
