$ 1 0.000005 10.20027730826997 50 5 43 5e-11
L 112 112 48 112 2 1 false 5 0
L 112 160 48 160 2 1 false 5 0
L 112 384 48 384 2 0 false 5 0
L 112 224 48 224 2 1 false 5 0
L 112 256 48 256 2 0 false 5 0
L 112 288 48 288 2 1 false 5 0
L 112 320 48 320 2 0 false 5 0
x -38 119 3 122 4 24 INC
x -44 167 21 170 4 24 LOAD
x -40 274 10 277 4 24 IN[4]
x -51 391 29 394 4 24 RESET
196 336 -224 416 -224 2 4
184 512 144 608 144 0 2
184 688 144 784 144 0 2
184 512 368 608 368 0 2
184 688 368 784 368 0 2
184 1072 368 1168 368 0 2
184 896 368 992 368 0 2
184 1072 144 1168 144 0 2
184 896 144 992 144 0 2
184 1280 144 1376 144 0 2
184 1456 144 1552 144 0 2
184 1280 368 1376 368 0 2
184 1456 368 1552 368 0 2
189 1168 1184 1376 1184 0 8 255
L 1056 1200 992 1200 2 1 false 5 0
R 960 1280 880 1280 1 2 100 2.5 2.5 0 0.5
w 960 1280 1168 1248 0
w 1056 1200 1168 1216 0
162 1232 1088 1232 1008 2 default-led 1 0 0 0.01
w 1232 1088 1232 1152 0
w 1264 1088 1264 1152 0
w 1296 1088 1296 1152 0
w 1328 1088 1328 1152 0
w 1360 1088 1360 1152 0
w 1392 1088 1392 1152 0
w 1424 1088 1424 1152 0
w 1456 1088 1456 1152 0
189 1776 48 1984 48 0 8 255
189 1776 240 1984 240 0 8 0
189 1776 432 1984 432 0 8 255
189 1776 624 1984 624 0 8 0
R 1536 752 1456 752 1 2 100 2.5 2.5 0 0.5
w 1536 752 1696 752 0
w 1696 688 1776 688 0
w 1696 688 1696 496 0
w 1696 496 1776 496 0
w 1696 496 1696 304 0
w 1696 304 1776 304 0
w 1696 304 1696 112 0
w 1696 112 1776 112 0
L 304 -192 240 -192 2 0 true 5 0
L 304 -224 240 -224 2 0 true 5 0
L 304 -160 240 -160 2 0 true 5 0
L 304 -128 240 -128 2 1 true 5 0
L 304 1312 240 1312 2 0 true 5 0
w 304 -224 336 -224 0
w 304 -192 336 -192 0
w 304 -160 336 -160 0
w 304 -128 336 -128 0
w 432 -64 464 -64 0
w 464 -64 464 144 0
w 464 144 464 176 0
w 464 176 512 176 0
w 432 -96 656 -96 0
w 656 -96 656 176 0
w 656 176 688 176 0
w 432 -128 448 -128 0
w 448 -128 448 400 0
w 448 400 512 400 0
w 432 -160 672 -160 0
w 672 -160 672 400 0
w 672 400 688 400 0
w 112 112 256 112 0
w 256 112 256 320 0
w 256 320 576 320 0
w 576 320 576 304 0
w 576 320 752 320 0
w 752 320 752 304 0
w 256 320 256 544 0
w 256 544 576 544 0
w 576 544 576 528 0
w 576 544 752 544 0
w 752 544 752 528 0
w 640 96 640 144 0
w 640 96 864 96 0
w 864 96 864 128 0
w 864 128 864 144 0
w 864 144 896 144 0
w 816 144 832 144 0
w 832 144 832 80 0
w 832 80 1056 80 0
w 1056 80 1056 144 0
w 1056 144 1072 144 0
w 640 368 640 352 0
w 640 352 880 352 0
w 880 352 880 368 0
w 880 368 896 368 0
w 816 368 816 336 0
w 816 336 1056 336 0
w 1056 336 1056 368 0
w 1056 368 1072 368 0
w 112 160 272 160 0
w 272 160 272 336 0
w 272 336 800 336 0
w 800 336 800 320 0
w 800 320 960 320 0
w 960 320 960 304 0
w 960 320 1136 320 0
w 1136 320 1136 304 0
w 272 336 272 560 0
w 272 560 960 560 0
w 960 560 960 528 0
w 960 560 1136 560 0
w 1136 560 1136 528 0
w 112 224 416 224 0
w 416 224 416 48 0
w 416 48 848 48 0
w 848 48 848 176 0
w 848 176 896 176 0
w 112 256 432 256 0
w 432 256 432 64 0
w 432 64 1040 64 0
w 1040 64 1040 176 0
w 1040 176 1072 176 0
w 112 288 416 288 0
w 416 288 416 576 0
w 416 576 864 576 0
w 864 576 864 400 0
w 864 400 896 400 0
w 112 320 240 320 0
w 240 320 240 592 0
w 240 592 1056 592 0
w 1056 592 1056 400 0
w 1056 400 1072 400 0
w 1024 144 1024 112 0
w 1024 112 1248 112 0
w 1248 112 1248 144 0
w 1248 144 1280 144 0
w 1200 144 1200 96 0
w 1200 96 1440 96 0
w 1440 96 1440 144 0
w 1440 144 1456 144 0
w 1024 368 1024 352 0
w 1024 352 1264 352 0
w 1264 352 1264 368 0
w 1264 368 1280 368 0
w 1200 368 1200 336 0
w 1200 336 1440 336 0
w 1440 336 1440 368 0
w 1440 368 1456 368 0
L 1248 624 1184 624 2 0 true 5 0
w 1248 624 1248 400 0
w 1248 400 1280 400 0
w 1248 400 1248 176 0
w 1248 176 1280 176 0
w 1248 624 1424 624 0
w 1424 624 1424 400 0
w 1424 400 1456 400 0
w 1424 400 1424 176 0
w 1424 176 1456 176 0
w 112 384 112 624 0
w 112 624 1136 624 0
w 1136 624 1136 592 0
w 1136 592 1216 592 0
w 1216 592 1344 592 0
w 1344 592 1344 528 0
w 1344 592 1520 592 0
w 1520 592 1520 528 0
w 1216 592 1216 320 0
w 1216 320 1344 320 0
w 1344 320 1344 304 0
w 1344 320 1520 320 0
w 1520 320 1520 304 0
w 1408 144 1408 80 0
w 1408 80 1776 80 0
w 1584 144 1664 144 0
w 1664 144 1664 272 0
w 1664 272 1776 272 0
w 1408 368 1584 320 0
w 1584 320 1664 320 0
w 1664 320 1664 464 0
w 1664 464 1776 464 0
w 1584 368 1584 656 0
w 1584 656 1776 656 0
M 2304 272 2432 272 2 2.5
M 2304 320 2432 320 2 2.5
M 2304 384 2432 384 2 2.5
M 2304 448 2432 448 2 2.5
w 1840 16 1840 -48 0
w 1840 -48 2240 -48 0
w 2240 -48 2240 272 0
w 2240 272 2304 272 0
w 1840 208 1840 176 0
w 1840 176 2208 176 0
w 2208 176 2208 320 0
w 2208 320 2304 320 0
w 1840 400 1840 368 0
w 1840 368 2208 368 0
w 2208 368 2208 384 0
w 2208 384 2304 384 0
w 1840 592 1840 560 0
w 1840 560 2240 560 0
w 2240 560 2240 448 0
w 2240 448 2304 448 0
x 2477 367 2554 370 4 24 OUT[4]
w 1696 752 1696 688 0
w 1840 -48 688 -48 0
w 688 -48 688 -288 0
w 688 -288 160 -288 0
w 160 -288 160 0 0
w 160 0 336 0 0
w 1840 176 1760 176 0
w 1760 176 1760 -80 0
w 1760 -80 704 -80 0
w 704 -80 704 -304 0
w 704 -304 144 -304 0
w 144 -304 144 -32 0
w 144 -32 336 -32 0
w 1840 368 1712 368 0
w 1712 368 1712 -96 0
w 1712 -96 720 -96 0
w 720 -96 720 -320 0
w 720 -320 128 -320 0
w 128 -320 128 -64 0
w 128 -64 336 -64 0
w 1840 560 1744 560 0
w 1744 560 1744 -112 0
w 1744 -112 736 -112 0
w 736 -112 736 -336 0
w 736 -336 112 -336 0
w 112 -336 112 -96 0
w 112 -96 336 -96 0
w 688 -48 496 -48 0
w 496 -48 512 144 0
w 704 -80 688 144 0
w 720 -96 512 368 0
w 736 -112 688 368 0
