$ 1 0.000005 3.1763992386181834 45 5 43 5e-11
R -288 576 -352 576 1 2 100 2.5 2.5 0 0.5
184 240 304 368 304 0 2
L -240 48 -336 48 2 0 false 5 0
w 144 336 240 336 0
L -240 240 -336 240 2 0 false 5 0
w 144 496 304 496 0
w 304 496 304 464 0
x -412 54 -362 57 4 24 IN[3]
x -426 244 -361 247 4 24 LOAD
155 496 304 544 304 0 0
w 368 304 496 304 0
w 592 304 672 304 0
w 672 256 160 256 0
w 160 304 240 304 0
w 672 304 752 304 0
M 1120 16 1200 16 2 2.5
w 752 304 800 304 0
w 672 256 672 304 0
w 160 256 160 304 0
w 176 -16 176 32 0
w 688 -16 688 32 0
w 480 64 512 64 0
w 768 32 816 32 0
M 1120 -32 1200 -32 2 2.5
w 688 32 768 32 0
w 176 32 256 32 0
w 688 -16 176 -16 0
w 608 32 688 32 0
w 384 32 512 32 0
155 512 32 560 32 0 0
x -410 6 -360 9 4 24 IN[2]
w 160 64 256 64 0
L -240 0 -336 0 2 0 false 5 0
184 256 32 384 32 0 2
w 176 -288 176 -240 0
w 688 -288 688 -240 0
w 480 -208 512 -208 0
w 768 -240 816 -240 0
M 1120 -80 1200 -80 2 2.5
w 688 -240 768 -240 0
w 176 -240 256 -240 0
w 688 -288 176 -288 0
w 608 -240 688 -240 0
w 384 -240 512 -240 0
155 512 -240 560 -240 0 0
x -413 -41 -363 -38 4 24 IN[1]
w 160 -208 256 -208 0
L -240 -48 -336 -48 2 0 false 5 0
184 256 -240 384 -240 0 2
184 256 -528 384 -528 0 2
L -240 -96 -336 -96 2 0 false 5 0
w 160 -496 256 -496 0
x -411 -93 -361 -90 4 24 IN[0]
155 512 -528 560 -528 0 0
w 384 -528 512 -528 0
w 608 -528 688 -528 0
w 688 -576 176 -576 0
w 176 -528 256 -528 0
w 688 -528 768 -528 0
M 1120 -128 1200 -128 2 2.5
w 768 -528 816 -528 0
w 480 -496 512 -496 0
w 688 -576 688 -528 0
w 176 -576 176 -528 0
w -240 -96 -112 -96 0
w -112 -96 -112 -496 0
w -112 -496 160 -496 0
w -240 -48 -80 -48 0
w -80 -48 -80 -208 0
w -80 -208 160 -208 0
w -240 0 -48 0 0
w -48 0 -48 64 0
w -48 64 160 64 0
w -240 48 -16 48 0
w -16 48 -16 336 0
w -16 336 144 336 0
w -240 240 96 240 0
w 96 240 96 496 0
w 96 496 144 496 0
w 96 240 96 208 0
w 96 208 320 208 0
w 320 208 320 192 0
w 96 208 96 -64 0
w 96 -64 320 -64 0
w 320 -64 320 -80 0
w 96 -64 96 -352 0
w 96 -352 320 -352 0
w 320 -352 320 -368 0
w -288 576 448 576 0
w 448 576 448 336 0
w 448 336 496 336 0
w 448 336 448 64 0
w 448 64 480 64 0
w 448 64 448 -208 0
w 448 -208 480 -208 0
w 448 -208 448 -496 0
w 448 -496 480 -496 0
x 1233 -124 1310 -121 4 24 OUT[0]
x 1235 -76 1312 -73 4 24 OUT[1]
x 1237 -25 1314 -22 4 24 OUT[2]
x 1235 20 1312 23 4 24 OUT[3]
w 816 -528 1024 -528 0
w 1024 -528 1024 -128 0
w 1024 -128 1120 -128 0
w 816 -240 1008 -240 0
w 1008 -240 1008 -80 0
w 1008 -80 1120 -80 0
w 816 32 992 32 0
w 992 32 992 -32 0
w 992 -32 1120 -32 0
w 800 304 1088 304 0
w 1088 304 1088 16 0
w 1088 16 1104 16 0
w 1104 16 1120 16 0
