$ 1 0.000005 10.20027730826997 50 5 43 5e-11
s 400 2112 400 2080 0 1 false
s 432 2112 432 2080 0 0 false
s 496 2112 496 2080 0 0 false
s 464 2112 464 2080 0 0 false
s 592 2112 592 2080 0 0 false
s 624 2112 624 2080 0 1 false
s 560 2112 560 2080 0 0 false
s 528 2112 528 2080 0 0 false
d 400 2144 400 2176 2 default
w 400 2112 400 2144 0
w 432 2112 432 2144 0
d 432 2144 432 2176 2 default
d 496 2144 496 2176 2 default
w 496 2112 496 2144 0
w 464 2112 464 2144 0
d 464 2144 464 2176 2 default
d 592 2144 592 2176 2 default
w 592 2112 592 2144 0
w 624 2112 624 2144 0
d 624 2144 624 2176 2 default
d 560 2144 560 2176 2 default
w 560 2112 560 2144 0
w 528 2112 528 2144 0
d 528 2144 528 2176 2 default
! 74HC154 0 A,B,C,D Y0,Y1,Y2,Y3,Y4,Y5,Y6,Y7,Y8,Y9,Y10,Y11,Y12,Y13,Y14,Y15 74HC154 0000\q0111111111111111\n1000\q1011111111111111\n0100\q1101111111111111\n1100\q1110111111111111\n0010\q1111011111111111\n1010\q1111101111111111\n0110\q1111110111111111\n1110\q1111111011111111\n0001\q1111111101111111\n1001\q1111111110111111\n0101\q1111111111011111\n1101\q1111111111101111\n0011\q1111111111110111\n1011\q1111111111111011\n0111\q1111111111111101\n1111\q1111111111111110\n
208 16 2000 96 2000 0 74HC154 5 0 5 5 5 5 5 5 5 5 5 5 5 5 5 5
w 400 2176 400 2208 0
w 400 2208 432 2208 0
w 432 2208 464 2208 0
w 464 2208 496 2208 0
w 496 2208 528 2208 0
w 528 2208 560 2208 0
w 560 2208 592 2208 0
w 592 2208 624 2208 0
w 432 2176 432 2208 0
w 464 2176 464 2208 0
w 496 2176 496 2208 0
w 528 2176 528 2208 0
w 560 2176 560 2208 0
w 592 2176 592 2208 0
w 624 2176 624 2208 0
w 400 2208 400 2240 0
w 400 2080 400 2048 0
w 432 2080 432 2032 0
w 464 2080 464 2016 0
w 400 2048 640 2048 0
w 496 2080 496 2000 0
w 528 2080 528 1984 0
w 432 2032 640 2032 0
w 464 2016 640 2016 0
w 496 2000 640 2000 0
w 528 1984 640 1984 0
w 560 2080 560 1968 0
w 560 1968 640 1968 0
w 592 2080 592 1952 0
w 592 1952 640 1952 0
w 624 2080 624 1936 0
w 624 1936 640 1936 0
w 912 1936 928 1936 0
w 912 2080 912 1936 0
w 880 1952 928 1952 0
w 880 2080 880 1952 0
w 848 1968 928 1968 0
w 848 2080 848 1968 0
w 816 1984 928 1984 0
w 784 2000 928 2000 0
w 752 2016 928 2016 0
w 720 2032 928 2032 0
w 816 2080 816 1984 0
w 784 2080 784 2000 0
w 688 2048 928 2048 0
w 752 2080 752 2016 0
w 720 2080 720 2032 0
w 688 2080 688 2048 0
w 688 2208 688 2240 0
w 912 2176 912 2208 0
w 880 2176 880 2208 0
w 848 2176 848 2208 0
w 816 2176 816 2208 0
w 784 2176 784 2208 0
w 752 2176 752 2208 0
w 720 2176 720 2208 0
w 880 2208 912 2208 0
w 848 2208 880 2208 0
w 816 2208 848 2208 0
w 784 2208 816 2208 0
w 752 2208 784 2208 0
w 720 2208 752 2208 0
w 688 2208 720 2208 0
w 688 2176 688 2208 0
d 816 2144 816 2176 2 default
w 816 2112 816 2144 0
w 848 2112 848 2144 0
d 848 2144 848 2176 2 default
d 912 2144 912 2176 2 default
w 912 2112 912 2144 0
w 880 2112 880 2144 0
d 880 2144 880 2176 2 default
d 752 2144 752 2176 2 default
w 752 2112 752 2144 0
w 784 2112 784 2144 0
d 784 2144 784 2176 2 default
d 720 2144 720 2176 2 default
w 720 2112 720 2144 0
w 688 2112 688 2144 0
d 688 2144 688 2176 2 default
s 816 2112 816 2080 0 0 false
s 848 2112 848 2080 0 0 false
s 912 2112 912 2080 0 0 false
s 880 2112 880 2080 0 1 false
s 752 2112 752 2080 0 0 false
s 784 2112 784 2080 0 0 false
s 720 2112 720 2080 0 0 false
s 688 2112 688 2080 0 1 false
w 640 2048 688 2048 0
w 640 2032 720 2032 0
w 640 2016 752 2016 0
w 640 2000 784 2000 0
w 640 1984 816 1984 0
w 640 1968 848 1968 0
w 640 1952 880 1952 0
w 640 1936 912 1936 0
w 1216 1936 1488 1936 0
w 1216 1952 1456 1952 0
w 1216 1968 1424 1968 0
w 1216 1984 1392 1984 0
w 1216 2000 1360 2000 0
w 1216 2016 1328 2016 0
w 1216 2032 1296 2032 0
w 1216 2048 1264 2048 0
s 1264 2112 1264 2080 0 1 false
s 1296 2112 1296 2080 0 0 false
s 1360 2112 1360 2080 0 0 false
s 1328 2112 1328 2080 0 0 false
s 1456 2112 1456 2080 0 0 false
s 1488 2112 1488 2080 0 0 false
s 1424 2112 1424 2080 0 0 false
s 1392 2112 1392 2080 0 1 false
d 1264 2144 1264 2176 2 default
w 1264 2112 1264 2144 0
w 1296 2112 1296 2144 0
d 1296 2144 1296 2176 2 default
d 1360 2144 1360 2176 2 default
w 1360 2112 1360 2144 0
w 1328 2112 1328 2144 0
d 1328 2144 1328 2176 2 default
d 1456 2144 1456 2176 2 default
w 1456 2112 1456 2144 0
w 1488 2112 1488 2144 0
d 1488 2144 1488 2176 2 default
d 1424 2144 1424 2176 2 default
w 1424 2112 1424 2144 0
w 1392 2112 1392 2144 0
d 1392 2144 1392 2176 2 default
w 1264 2176 1264 2208 0
w 1264 2208 1296 2208 0
w 1296 2208 1328 2208 0
w 1328 2208 1360 2208 0
w 1360 2208 1392 2208 0
w 1392 2208 1424 2208 0
w 1424 2208 1456 2208 0
w 1456 2208 1488 2208 0
w 1296 2176 1296 2208 0
w 1328 2176 1328 2208 0
w 1360 2176 1360 2208 0
w 1392 2176 1392 2208 0
w 1424 2176 1424 2208 0
w 1456 2176 1456 2208 0
w 1488 2176 1488 2208 0
w 1264 2208 1264 2240 0
w 1264 2080 1264 2048 0
w 1296 2080 1296 2032 0
w 1328 2080 1328 2016 0
w 1264 2048 1504 2048 0
w 1360 2080 1360 2000 0
w 1392 2080 1392 1984 0
w 1296 2032 1504 2032 0
w 1328 2016 1504 2016 0
w 1360 2000 1504 2000 0
w 1392 1984 1504 1984 0
w 1424 2080 1424 1968 0
w 1424 1968 1504 1968 0
w 1456 2080 1456 1952 0
w 1456 1952 1504 1952 0
w 1488 2080 1488 1936 0
w 1488 1936 1504 1936 0
w 1200 1936 1216 1936 0
w 1200 2080 1200 1936 0
w 1168 1952 1216 1952 0
w 1168 2080 1168 1952 0
w 1136 1968 1216 1968 0
w 1136 2080 1136 1968 0
w 1104 1984 1216 1984 0
w 1072 2000 1216 2000 0
w 1040 2016 1216 2016 0
w 1008 2032 1216 2032 0
w 1104 2080 1104 1984 0
w 1072 2080 1072 2000 0
w 976 2048 1216 2048 0
w 1040 2080 1040 2016 0
w 1008 2080 1008 2032 0
w 976 2080 976 2048 0
w 976 2208 976 2240 0
w 1200 2176 1200 2208 0
w 1168 2176 1168 2208 0
w 1136 2176 1136 2208 0
w 1104 2176 1104 2208 0
w 1072 2176 1072 2208 0
w 1040 2176 1040 2208 0
w 1008 2176 1008 2208 0
w 1168 2208 1200 2208 0
w 1136 2208 1168 2208 0
w 1104 2208 1136 2208 0
w 1072 2208 1104 2208 0
w 1040 2208 1072 2208 0
w 1008 2208 1040 2208 0
w 976 2208 1008 2208 0
w 976 2176 976 2208 0
d 1104 2144 1104 2176 2 default
w 1104 2112 1104 2144 0
w 1136 2112 1136 2144 0
d 1136 2144 1136 2176 2 default
d 1200 2144 1200 2176 2 default
w 1200 2112 1200 2144 0
w 1168 2112 1168 2144 0
d 1168 2144 1168 2176 2 default
d 1040 2144 1040 2176 2 default
w 1040 2112 1040 2144 0
w 1072 2112 1072 2144 0
d 1072 2144 1072 2176 2 default
d 1008 2144 1008 2176 2 default
w 1008 2112 1008 2144 0
w 976 2112 976 2144 0
d 976 2144 976 2176 2 default
s 1104 2112 1104 2080 0 0 false
s 1136 2112 1136 2080 0 1 false
s 1200 2112 1200 2080 0 0 false
s 1168 2112 1168 2080 0 0 false
s 1040 2112 1040 2080 0 0 false
s 1072 2112 1072 2080 0 0 false
s 1008 2112 1008 2080 0 0 false
s 976 2112 976 2080 0 1 false
s 2128 2112 2128 2080 0 1 false
s 2160 2112 2160 2080 0 1 false
s 2224 2112 2224 2080 0 0 false
s 2192 2112 2192 2080 0 0 false
s 2320 2112 2320 2080 0 0 false
s 2352 2112 2352 2080 0 0 false
s 2288 2112 2288 2080 0 0 false
s 2256 2112 2256 2080 0 0 false
d 2128 2144 2128 2176 2 default
w 2128 2112 2128 2144 0
w 2160 2112 2160 2144 0
d 2160 2144 2160 2176 2 default
d 2224 2144 2224 2176 2 default
w 2224 2112 2224 2144 0
w 2192 2112 2192 2144 0
d 2192 2144 2192 2176 2 default
d 2320 2144 2320 2176 2 default
w 2320 2112 2320 2144 0
w 2352 2112 2352 2144 0
d 2352 2144 2352 2176 2 default
d 2288 2144 2288 2176 2 default
w 2288 2112 2288 2144 0
w 2256 2112 2256 2144 0
d 2256 2144 2256 2176 2 default
w 2128 2176 2128 2208 0
w 2128 2208 2160 2208 0
w 2160 2208 2192 2208 0
w 2192 2208 2224 2208 0
w 2224 2208 2256 2208 0
w 2256 2208 2288 2208 0
w 2288 2208 2320 2208 0
w 2320 2208 2352 2208 0
w 2160 2176 2160 2208 0
w 2192 2176 2192 2208 0
w 2224 2176 2224 2208 0
w 2256 2176 2256 2208 0
w 2288 2176 2288 2208 0
w 2320 2176 2320 2208 0
w 2352 2176 2352 2208 0
w 2128 2208 2128 2240 0
w 2128 2080 2128 2048 0
w 2160 2080 2160 2032 0
w 2192 2080 2192 2016 0
w 2128 2048 2368 2048 0
w 2224 2080 2224 2000 0
w 2256 2080 2256 1984 0
w 2160 2032 2368 2032 0
w 2192 2016 2368 2016 0
w 2224 2000 2368 2000 0
w 2256 1984 2368 1984 0
w 2288 2080 2288 1968 0
w 2288 1968 2368 1968 0
w 2320 2080 2320 1952 0
w 2320 1952 2368 1952 0
w 2352 2080 2352 1936 0
w 2352 1936 2368 1936 0
w 2640 1936 2656 1936 0
w 2640 2080 2640 1936 0
w 2608 1952 2656 1952 0
w 2608 2080 2608 1952 0
w 2576 1968 2656 1968 0
w 2576 2080 2576 1968 0
w 2544 1984 2656 1984 0
w 2512 2000 2656 2000 0
w 2480 2016 2656 2016 0
w 2448 2032 2656 2032 0
w 2544 2080 2544 1984 0
w 2512 2080 2512 2000 0
w 2416 2048 2656 2048 0
w 2480 2080 2480 2016 0
w 2448 2080 2448 2032 0
w 2416 2080 2416 2048 0
w 2416 2208 2416 2240 0
w 2640 2176 2640 2208 0
w 2608 2176 2608 2208 0
w 2576 2176 2576 2208 0
w 2544 2176 2544 2208 0
w 2512 2176 2512 2208 0
w 2480 2176 2480 2208 0
w 2448 2176 2448 2208 0
w 2608 2208 2640 2208 0
w 2576 2208 2608 2208 0
w 2544 2208 2576 2208 0
w 2512 2208 2544 2208 0
w 2480 2208 2512 2208 0
w 2448 2208 2480 2208 0
w 2416 2208 2448 2208 0
w 2416 2176 2416 2208 0
d 2544 2144 2544 2176 2 default
w 2544 2112 2544 2144 0
w 2576 2112 2576 2144 0
d 2576 2144 2576 2176 2 default
d 2640 2144 2640 2176 2 default
w 2640 2112 2640 2144 0
w 2608 2112 2608 2144 0
d 2608 2144 2608 2176 2 default
d 2480 2144 2480 2176 2 default
w 2480 2112 2480 2144 0
w 2512 2112 2512 2144 0
d 2512 2144 2512 2176 2 default
d 2448 2144 2448 2176 2 default
w 2448 2112 2448 2144 0
w 2416 2112 2416 2144 0
d 2416 2144 2416 2176 2 default
s 2544 2112 2544 2080 0 1 false
s 2576 2112 2576 2080 0 1 false
s 2640 2112 2640 2080 0 1 false
s 2608 2112 2608 2080 0 1 false
s 2480 2112 2480 2080 0 1 false
s 2512 2112 2512 2080 0 1 false
s 2448 2112 2448 2080 0 1 false
s 2416 2112 2416 2080 0 1 false
w 2368 2048 2416 2048 0
w 2368 2032 2448 2032 0
w 2368 2016 2480 2016 0
w 2368 2000 2512 2000 0
w 2368 1984 2544 1984 0
w 2368 1968 2576 1968 0
w 2368 1952 2608 1952 0
w 2368 1936 2640 1936 0
w 1792 1936 2064 1936 0
w 1792 1952 2032 1952 0
w 1792 1968 2000 1968 0
w 1792 1984 1968 1984 0
w 1792 2000 1936 2000 0
w 1792 2016 1904 2016 0
w 1792 2032 1872 2032 0
w 1792 2048 1840 2048 0
s 1840 2112 1840 2080 0 1 false
s 1872 2112 1872 2080 0 0 false
s 1936 2112 1936 2080 0 0 false
s 1904 2112 1904 2080 0 1 false
s 2032 2112 2032 2080 0 0 false
s 2064 2112 2064 2080 0 0 false
s 2000 2112 2000 2080 0 0 false
s 1968 2112 1968 2080 0 0 false
d 1840 2144 1840 2176 2 default
w 1840 2112 1840 2144 0
w 1872 2112 1872 2144 0
d 1872 2144 1872 2176 2 default
d 1936 2144 1936 2176 2 default
w 1936 2112 1936 2144 0
w 1904 2112 1904 2144 0
d 1904 2144 1904 2176 2 default
d 2032 2144 2032 2176 2 default
w 2032 2112 2032 2144 0
w 2064 2112 2064 2144 0
d 2064 2144 2064 2176 2 default
d 2000 2144 2000 2176 2 default
w 2000 2112 2000 2144 0
w 1968 2112 1968 2144 0
d 1968 2144 1968 2176 2 default
w 1840 2176 1840 2208 0
w 1840 2208 1872 2208 0
w 1872 2208 1904 2208 0
w 1904 2208 1936 2208 0
w 1936 2208 1968 2208 0
w 1968 2208 2000 2208 0
w 2000 2208 2032 2208 0
w 2032 2208 2064 2208 0
w 1872 2176 1872 2208 0
w 1904 2176 1904 2208 0
w 1936 2176 1936 2208 0
w 1968 2176 1968 2208 0
w 2000 2176 2000 2208 0
w 2032 2176 2032 2208 0
w 2064 2176 2064 2208 0
w 1840 2208 1840 2240 0
w 1840 2080 1840 2048 0
w 1872 2080 1872 2032 0
w 1904 2080 1904 2016 0
w 1840 2048 2080 2048 0
w 1936 2080 1936 2000 0
w 1968 2080 1968 1984 0
w 1872 2032 2080 2032 0
w 1904 2016 2080 2016 0
w 1936 2000 2080 2000 0
w 1968 1984 2080 1984 0
w 2000 2080 2000 1968 0
w 2000 1968 2080 1968 0
w 2032 2080 2032 1952 0
w 2032 1952 2080 1952 0
w 2064 2080 2064 1936 0
w 2064 1936 2080 1936 0
w 1776 1936 1792 1936 0
w 1776 2080 1776 1936 0
w 1744 1952 1792 1952 0
w 1744 2080 1744 1952 0
w 1712 1968 1792 1968 0
w 1712 2080 1712 1968 0
w 1680 1984 1792 1984 0
w 1648 2000 1792 2000 0
w 1616 2016 1792 2016 0
w 1584 2032 1792 2032 0
w 1680 2080 1680 1984 0
w 1648 2080 1648 2000 0
w 1552 2048 1792 2048 0
w 1616 2080 1616 2016 0
w 1584 2080 1584 2032 0
w 1552 2080 1552 2048 0
w 1552 2208 1552 2240 0
w 1776 2176 1776 2208 0
w 1744 2176 1744 2208 0
w 1712 2176 1712 2208 0
w 1680 2176 1680 2208 0
w 1648 2176 1648 2208 0
w 1616 2176 1616 2208 0
w 1584 2176 1584 2208 0
w 1744 2208 1776 2208 0
w 1712 2208 1744 2208 0
w 1680 2208 1712 2208 0
w 1648 2208 1680 2208 0
w 1616 2208 1648 2208 0
w 1584 2208 1616 2208 0
w 1552 2208 1584 2208 0
w 1552 2176 1552 2208 0
d 1680 2144 1680 2176 2 default
w 1680 2112 1680 2144 0
w 1712 2112 1712 2144 0
d 1712 2144 1712 2176 2 default
d 1776 2144 1776 2176 2 default
w 1776 2112 1776 2144 0
w 1744 2112 1744 2144 0
d 1744 2144 1744 2176 2 default
d 1616 2144 1616 2176 2 default
w 1616 2112 1616 2144 0
w 1648 2112 1648 2144 0
d 1648 2144 1648 2176 2 default
d 1584 2144 1584 2176 2 default
w 1584 2112 1584 2144 0
w 1552 2112 1552 2144 0
d 1552 2144 1552 2176 2 default
s 1680 2112 1680 2080 0 0 false
s 1712 2112 1712 2080 0 0 false
s 1776 2112 1776 2080 0 0 false
s 1744 2112 1744 2080 0 0 false
s 1616 2112 1616 2080 0 0 false
s 1648 2112 1648 2080 0 1 false
s 1584 2112 1584 2080 0 0 false
s 1552 2112 1552 2080 0 1 false
w 928 2048 976 2048 0
w 928 2032 1008 2032 0
w 928 2016 1040 2016 0
w 928 2000 1072 2000 0
w 928 1984 1104 1984 0
w 928 1968 1136 1968 0
w 928 1952 1168 1952 0
w 928 1936 1200 1936 0
w 1504 2048 1552 2048 0
w 1504 2032 1584 2032 0
w 1504 2016 1616 2016 0
w 1504 2000 1648 2000 0
w 1504 1984 1680 1984 0
w 1504 1968 1712 1968 0
w 1504 1952 1744 1952 0
w 1504 1936 1776 1936 0
w 2080 2048 2128 2048 0
w 2080 2032 2160 2032 0
w 2080 2016 2192 2016 0
w 2080 2000 2224 2000 0
w 2080 1984 2256 1984 0
w 2080 1968 2288 1968 0
w 2080 1952 2320 1952 0
w 2080 1936 2352 1936 0
w 2080 1424 2352 1424 0
w 2080 1440 2320 1440 0
w 2080 1456 2288 1456 0
w 2080 1472 2256 1472 0
w 2080 1488 2224 1488 0
w 2080 1504 2192 1504 0
w 2080 1520 2160 1520 0
w 2080 1536 2128 1536 0
w 1504 1424 1776 1424 0
w 1504 1440 1744 1440 0
w 1504 1456 1712 1456 0
w 1504 1472 1680 1472 0
w 1504 1488 1648 1488 0
w 1504 1504 1616 1504 0
w 1504 1520 1584 1520 0
w 1504 1536 1552 1536 0
w 928 1424 1200 1424 0
w 928 1440 1168 1440 0
w 928 1456 1136 1456 0
w 928 1472 1104 1472 0
w 928 1488 1072 1488 0
w 928 1504 1040 1504 0
w 928 1520 1008 1520 0
w 928 1536 976 1536 0
s 1552 1600 1552 1568 0 0 false
s 1584 1600 1584 1568 0 0 false
s 1648 1600 1648 1568 0 1 false
s 1616 1600 1616 1568 0 0 false
s 1744 1600 1744 1568 0 0 false
s 1776 1600 1776 1568 0 0 false
s 1712 1600 1712 1568 0 0 false
s 1680 1600 1680 1568 0 0 false
d 1552 1632 1552 1664 2 default
w 1552 1600 1552 1632 0
w 1584 1600 1584 1632 0
d 1584 1632 1584 1664 2 default
d 1648 1632 1648 1664 2 default
w 1648 1600 1648 1632 0
w 1616 1600 1616 1632 0
d 1616 1632 1616 1664 2 default
d 1744 1632 1744 1664 2 default
w 1744 1600 1744 1632 0
w 1776 1600 1776 1632 0
d 1776 1632 1776 1664 2 default
d 1712 1632 1712 1664 2 default
w 1712 1600 1712 1632 0
w 1680 1600 1680 1632 0
d 1680 1632 1680 1664 2 default
w 1552 1664 1552 1696 0
w 1552 1696 1584 1696 0
w 1584 1696 1616 1696 0
w 1616 1696 1648 1696 0
w 1648 1696 1680 1696 0
w 1680 1696 1712 1696 0
w 1712 1696 1744 1696 0
w 1744 1696 1776 1696 0
w 1584 1664 1584 1696 0
w 1616 1664 1616 1696 0
w 1648 1664 1648 1696 0
w 1680 1664 1680 1696 0
w 1712 1664 1712 1696 0
w 1744 1664 1744 1696 0
w 1776 1664 1776 1696 0
w 1552 1696 1552 1728 0
w 1552 1568 1552 1536 0
w 1584 1568 1584 1520 0
w 1616 1568 1616 1504 0
w 1552 1536 1792 1536 0
w 1648 1568 1648 1488 0
w 1680 1568 1680 1472 0
w 1584 1520 1792 1520 0
w 1616 1504 1792 1504 0
w 1648 1488 1792 1488 0
w 1680 1472 1792 1472 0
w 1712 1568 1712 1456 0
w 1712 1456 1792 1456 0
w 1744 1568 1744 1440 0
w 1744 1440 1792 1440 0
w 1776 1568 1776 1424 0
w 1776 1424 1792 1424 0
w 2064 1424 2080 1424 0
w 2064 1568 2064 1424 0
w 2032 1440 2080 1440 0
w 2032 1568 2032 1440 0
w 2000 1456 2080 1456 0
w 2000 1568 2000 1456 0
w 1968 1472 2080 1472 0
w 1936 1488 2080 1488 0
w 1904 1504 2080 1504 0
w 1872 1520 2080 1520 0
w 1968 1568 1968 1472 0
w 1936 1568 1936 1488 0
w 1840 1536 2080 1536 0
w 1904 1568 1904 1504 0
w 1872 1568 1872 1520 0
w 1840 1568 1840 1536 0
w 1840 1696 1840 1728 0
w 2064 1664 2064 1696 0
w 2032 1664 2032 1696 0
w 2000 1664 2000 1696 0
w 1968 1664 1968 1696 0
w 1936 1664 1936 1696 0
w 1904 1664 1904 1696 0
w 1872 1664 1872 1696 0
w 2032 1696 2064 1696 0
w 2000 1696 2032 1696 0
w 1968 1696 2000 1696 0
w 1936 1696 1968 1696 0
w 1904 1696 1936 1696 0
w 1872 1696 1904 1696 0
w 1840 1696 1872 1696 0
w 1840 1664 1840 1696 0
d 1968 1632 1968 1664 2 default
w 1968 1600 1968 1632 0
w 2000 1600 2000 1632 0
d 2000 1632 2000 1664 2 default
d 2064 1632 2064 1664 2 default
w 2064 1600 2064 1632 0
w 2032 1600 2032 1632 0
d 2032 1632 2032 1664 2 default
d 1904 1632 1904 1664 2 default
w 1904 1600 1904 1632 0
w 1936 1600 1936 1632 0
d 1936 1632 1936 1664 2 default
d 1872 1632 1872 1664 2 default
w 1872 1600 1872 1632 0
w 1840 1600 1840 1632 0
d 1840 1632 1840 1664 2 default
s 1968 1600 1968 1568 0 0 false
s 2000 1600 2000 1568 0 0 false
s 2064 1600 2064 1568 0 0 false
s 2032 1600 2032 1568 0 0 false
s 1904 1600 1904 1568 0 1 false
s 1936 1600 1936 1568 0 0 false
s 1872 1600 1872 1568 0 0 false
s 1840 1600 1840 1568 0 0 false
w 1792 1536 1840 1536 0
w 1792 1520 1872 1520 0
w 1792 1504 1904 1504 0
w 1792 1488 1936 1488 0
w 1792 1472 1968 1472 0
w 1792 1456 2000 1456 0
w 1792 1440 2032 1440 0
w 1792 1424 2064 1424 0
w 2368 1424 2640 1424 0
w 2368 1440 2608 1440 0
w 2368 1456 2576 1456 0
w 2368 1472 2544 1472 0
w 2368 1488 2512 1488 0
w 2368 1504 2480 1504 0
w 2368 1520 2448 1520 0
w 2368 1536 2416 1536 0
s 2416 1600 2416 1568 0 1 false
s 2448 1600 2448 1568 0 0 false
s 2512 1600 2512 1568 0 0 false
s 2480 1600 2480 1568 0 0 false
s 2608 1600 2608 1568 0 0 false
s 2640 1600 2640 1568 0 0 false
s 2576 1600 2576 1568 0 0 false
s 2544 1600 2544 1568 0 0 false
d 2416 1632 2416 1664 2 default
w 2416 1600 2416 1632 0
w 2448 1600 2448 1632 0
d 2448 1632 2448 1664 2 default
d 2512 1632 2512 1664 2 default
w 2512 1600 2512 1632 0
w 2480 1600 2480 1632 0
d 2480 1632 2480 1664 2 default
d 2608 1632 2608 1664 2 default
w 2608 1600 2608 1632 0
w 2640 1600 2640 1632 0
d 2640 1632 2640 1664 2 default
d 2576 1632 2576 1664 2 default
w 2576 1600 2576 1632 0
w 2544 1600 2544 1632 0
d 2544 1632 2544 1664 2 default
w 2416 1664 2416 1696 0
w 2416 1696 2448 1696 0
w 2448 1696 2480 1696 0
w 2480 1696 2512 1696 0
w 2512 1696 2544 1696 0
w 2544 1696 2576 1696 0
w 2576 1696 2608 1696 0
w 2608 1696 2640 1696 0
w 2448 1664 2448 1696 0
w 2480 1664 2480 1696 0
w 2512 1664 2512 1696 0
w 2544 1664 2544 1696 0
w 2576 1664 2576 1696 0
w 2608 1664 2608 1696 0
w 2640 1664 2640 1696 0
w 2416 1696 2416 1728 0
w 2416 1568 2416 1536 0
w 2448 1568 2448 1520 0
w 2480 1568 2480 1504 0
w 2416 1536 2656 1536 0
w 2512 1568 2512 1488 0
w 2544 1568 2544 1472 0
w 2448 1520 2656 1520 0
w 2480 1504 2656 1504 0
w 2512 1488 2656 1488 0
w 2544 1472 2656 1472 0
w 2576 1568 2576 1456 0
w 2576 1456 2656 1456 0
w 2608 1568 2608 1440 0
w 2608 1440 2656 1440 0
w 2640 1568 2640 1424 0
w 2640 1424 2656 1424 0
w 2352 1424 2368 1424 0
w 2352 1568 2352 1424 0
w 2320 1440 2368 1440 0
w 2320 1568 2320 1440 0
w 2288 1456 2368 1456 0
w 2288 1568 2288 1456 0
w 2256 1472 2368 1472 0
w 2224 1488 2368 1488 0
w 2192 1504 2368 1504 0
w 2160 1520 2368 1520 0
w 2256 1568 2256 1472 0
w 2224 1568 2224 1488 0
w 2128 1536 2368 1536 0
w 2192 1568 2192 1504 0
w 2160 1568 2160 1520 0
w 2128 1568 2128 1536 0
w 2128 1696 2128 1728 0
w 2352 1664 2352 1696 0
w 2320 1664 2320 1696 0
w 2288 1664 2288 1696 0
w 2256 1664 2256 1696 0
w 2224 1664 2224 1696 0
w 2192 1664 2192 1696 0
w 2160 1664 2160 1696 0
w 2320 1696 2352 1696 0
w 2288 1696 2320 1696 0
w 2256 1696 2288 1696 0
w 2224 1696 2256 1696 0
w 2192 1696 2224 1696 0
w 2160 1696 2192 1696 0
w 2128 1696 2160 1696 0
w 2128 1664 2128 1696 0
d 2256 1632 2256 1664 2 default
w 2256 1600 2256 1632 0
w 2288 1600 2288 1632 0
d 2288 1632 2288 1664 2 default
d 2352 1632 2352 1664 2 default
w 2352 1600 2352 1632 0
w 2320 1600 2320 1632 0
d 2320 1632 2320 1664 2 default
d 2192 1632 2192 1664 2 default
w 2192 1600 2192 1632 0
w 2224 1600 2224 1632 0
d 2224 1632 2224 1664 2 default
d 2160 1632 2160 1664 2 default
w 2160 1600 2160 1632 0
w 2128 1600 2128 1632 0
d 2128 1632 2128 1664 2 default
s 2256 1600 2256 1568 0 0 false
s 2288 1600 2288 1568 0 0 false
s 2352 1600 2352 1568 0 0 false
s 2320 1600 2320 1568 0 0 false
s 2192 1600 2192 1568 0 0 false
s 2224 1600 2224 1568 0 0 false
s 2160 1600 2160 1568 0 1 false
s 2128 1600 2128 1568 0 0 false
s 976 1600 976 1568 0 0 false
s 1008 1600 1008 1568 0 0 false
s 1072 1600 1072 1568 0 0 false
s 1040 1600 1040 1568 0 0 false
s 1168 1600 1168 1568 0 0 false
s 1200 1600 1200 1568 0 0 false
s 1136 1600 1136 1568 0 1 false
s 1104 1600 1104 1568 0 0 false
d 976 1632 976 1664 2 default
w 976 1600 976 1632 0
w 1008 1600 1008 1632 0
d 1008 1632 1008 1664 2 default
d 1072 1632 1072 1664 2 default
w 1072 1600 1072 1632 0
w 1040 1600 1040 1632 0
d 1040 1632 1040 1664 2 default
d 1168 1632 1168 1664 2 default
w 1168 1600 1168 1632 0
w 1200 1600 1200 1632 0
d 1200 1632 1200 1664 2 default
d 1136 1632 1136 1664 2 default
w 1136 1600 1136 1632 0
w 1104 1600 1104 1632 0
d 1104 1632 1104 1664 2 default
w 976 1664 976 1696 0
w 976 1696 1008 1696 0
w 1008 1696 1040 1696 0
w 1040 1696 1072 1696 0
w 1072 1696 1104 1696 0
w 1104 1696 1136 1696 0
w 1136 1696 1168 1696 0
w 1168 1696 1200 1696 0
w 1008 1664 1008 1696 0
w 1040 1664 1040 1696 0
w 1072 1664 1072 1696 0
w 1104 1664 1104 1696 0
w 1136 1664 1136 1696 0
w 1168 1664 1168 1696 0
w 1200 1664 1200 1696 0
w 976 1696 976 1728 0
w 976 1568 976 1536 0
w 1008 1568 1008 1520 0
w 1040 1568 1040 1504 0
w 976 1536 1216 1536 0
w 1072 1568 1072 1488 0
w 1104 1568 1104 1472 0
w 1008 1520 1216 1520 0
w 1040 1504 1216 1504 0
w 1072 1488 1216 1488 0
w 1104 1472 1216 1472 0
w 1136 1568 1136 1456 0
w 1136 1456 1216 1456 0
w 1168 1568 1168 1440 0
w 1168 1440 1216 1440 0
w 1200 1568 1200 1424 0
w 1200 1424 1216 1424 0
w 1488 1424 1504 1424 0
w 1488 1568 1488 1424 0
w 1456 1440 1504 1440 0
w 1456 1568 1456 1440 0
w 1424 1456 1504 1456 0
w 1424 1568 1424 1456 0
w 1392 1472 1504 1472 0
w 1360 1488 1504 1488 0
w 1328 1504 1504 1504 0
w 1296 1520 1504 1520 0
w 1392 1568 1392 1472 0
w 1360 1568 1360 1488 0
w 1264 1536 1504 1536 0
w 1328 1568 1328 1504 0
w 1296 1568 1296 1520 0
w 1264 1568 1264 1536 0
w 1264 1696 1264 1728 0
w 1488 1664 1488 1696 0
w 1456 1664 1456 1696 0
w 1424 1664 1424 1696 0
w 1392 1664 1392 1696 0
w 1360 1664 1360 1696 0
w 1328 1664 1328 1696 0
w 1296 1664 1296 1696 0
w 1456 1696 1488 1696 0
w 1424 1696 1456 1696 0
w 1392 1696 1424 1696 0
w 1360 1696 1392 1696 0
w 1328 1696 1360 1696 0
w 1296 1696 1328 1696 0
w 1264 1696 1296 1696 0
w 1264 1664 1264 1696 0
d 1392 1632 1392 1664 2 default
w 1392 1600 1392 1632 0
w 1424 1600 1424 1632 0
d 1424 1632 1424 1664 2 default
d 1488 1632 1488 1664 2 default
w 1488 1600 1488 1632 0
w 1456 1600 1456 1632 0
d 1456 1632 1456 1664 2 default
d 1328 1632 1328 1664 2 default
w 1328 1600 1328 1632 0
w 1360 1600 1360 1632 0
d 1360 1632 1360 1664 2 default
d 1296 1632 1296 1664 2 default
w 1296 1600 1296 1632 0
w 1264 1600 1264 1632 0
d 1264 1632 1264 1664 2 default
s 1392 1600 1392 1568 0 1 false
s 1424 1600 1424 1568 0 0 false
s 1488 1600 1488 1568 0 0 false
s 1456 1600 1456 1568 0 0 false
s 1328 1600 1328 1568 0 0 false
s 1360 1600 1360 1568 0 0 false
s 1296 1600 1296 1568 0 0 false
s 1264 1600 1264 1568 0 0 false
w 1216 1536 1264 1536 0
w 1216 1520 1296 1520 0
w 1216 1504 1328 1504 0
w 1216 1488 1360 1488 0
w 1216 1472 1392 1472 0
w 1216 1456 1424 1456 0
w 1216 1440 1456 1440 0
w 1216 1424 1488 1424 0
w 640 1424 912 1424 0
w 640 1440 880 1440 0
w 640 1456 848 1456 0
w 640 1472 816 1472 0
w 640 1488 784 1488 0
w 640 1504 752 1504 0
w 640 1520 720 1520 0
w 640 1536 688 1536 0
s 688 1600 688 1568 0 0 false
s 720 1600 720 1568 0 0 false
s 784 1600 784 1568 0 0 false
s 752 1600 752 1568 0 0 false
s 880 1600 880 1568 0 1 false
s 912 1600 912 1568 0 0 false
s 848 1600 848 1568 0 0 false
s 816 1600 816 1568 0 0 false
d 688 1632 688 1664 2 default
w 688 1600 688 1632 0
w 720 1600 720 1632 0
d 720 1632 720 1664 2 default
d 784 1632 784 1664 2 default
w 784 1600 784 1632 0
w 752 1600 752 1632 0
d 752 1632 752 1664 2 default
d 880 1632 880 1664 2 default
w 880 1600 880 1632 0
w 912 1600 912 1632 0
d 912 1632 912 1664 2 default
d 848 1632 848 1664 2 default
w 848 1600 848 1632 0
w 816 1600 816 1632 0
d 816 1632 816 1664 2 default
w 688 1664 688 1696 0
w 688 1696 720 1696 0
w 720 1696 752 1696 0
w 752 1696 784 1696 0
w 784 1696 816 1696 0
w 816 1696 848 1696 0
w 848 1696 880 1696 0
w 880 1696 912 1696 0
w 720 1664 720 1696 0
w 752 1664 752 1696 0
w 784 1664 784 1696 0
w 816 1664 816 1696 0
w 848 1664 848 1696 0
w 880 1664 880 1696 0
w 912 1664 912 1696 0
w 688 1696 688 1728 0
w 688 1568 688 1536 0
w 720 1568 720 1520 0
w 752 1568 752 1504 0
w 688 1536 928 1536 0
w 784 1568 784 1488 0
w 816 1568 816 1472 0
w 720 1520 928 1520 0
w 752 1504 928 1504 0
w 784 1488 928 1488 0
w 816 1472 928 1472 0
w 848 1568 848 1456 0
w 848 1456 928 1456 0
w 880 1568 880 1440 0
w 880 1440 928 1440 0
w 912 1568 912 1424 0
w 912 1424 928 1424 0
w 624 1424 640 1424 0
w 624 1568 624 1424 0
w 592 1440 640 1440 0
w 592 1568 592 1440 0
w 560 1456 640 1456 0
w 560 1568 560 1456 0
w 528 1472 640 1472 0
w 496 1488 640 1488 0
w 464 1504 640 1504 0
w 432 1520 640 1520 0
w 528 1568 528 1472 0
w 496 1568 496 1488 0
w 400 1536 640 1536 0
w 464 1568 464 1504 0
w 432 1568 432 1520 0
w 400 1568 400 1536 0
w 400 1696 400 1728 0
w 624 1664 624 1696 0
w 592 1664 592 1696 0
w 560 1664 560 1696 0
w 528 1664 528 1696 0
w 496 1664 496 1696 0
w 464 1664 464 1696 0
w 432 1664 432 1696 0
w 592 1696 624 1696 0
w 560 1696 592 1696 0
w 528 1696 560 1696 0
w 496 1696 528 1696 0
w 464 1696 496 1696 0
w 432 1696 464 1696 0
w 400 1696 432 1696 0
w 400 1664 400 1696 0
d 528 1632 528 1664 2 default
w 528 1600 528 1632 0
w 560 1600 560 1632 0
d 560 1632 560 1664 2 default
d 624 1632 624 1664 2 default
w 624 1600 624 1632 0
w 592 1600 592 1632 0
d 592 1632 592 1664 2 default
d 464 1632 464 1664 2 default
w 464 1600 464 1632 0
w 496 1600 496 1632 0
d 496 1632 496 1664 2 default
d 432 1632 432 1664 2 default
w 432 1600 432 1632 0
w 400 1600 400 1632 0
d 400 1632 400 1664 2 default
s 528 1600 528 1568 0 0 false
s 560 1600 560 1568 0 0 false
s 624 1600 624 1568 0 1 false
s 592 1600 592 1568 0 0 false
s 464 1600 464 1568 0 0 false
s 496 1600 496 1568 0 0 false
s 432 1600 432 1568 0 0 false
s 400 1600 400 1568 0 0 false
w 400 1728 128 1728 0
w 688 1728 688 1744 0
w 688 1744 144 1744 0
w 976 1728 976 1760 0
w 976 1760 160 1760 0
w 1264 1728 1264 1776 0
w 1264 1776 176 1776 0
w 1552 1728 1552 1792 0
w 1552 1792 192 1792 0
w 1840 1728 1840 1808 0
w 1840 1808 208 1808 0
w 2128 1728 2128 1824 0
w 2128 1824 224 1824 0
w 2416 1728 2416 1840 0
w 2416 1840 240 1840 0
w 688 2240 688 2256 0
w 400 2240 400 2256 0
w 400 2256 112 2256 0
w 688 2256 688 2288 0
w 688 2288 112 2288 0
w 128 1728 128 2000 0
w 128 2000 112 2000 0
w 144 1744 144 2032 0
w 144 2032 112 2032 0
w 160 1760 160 2064 0
w 160 2064 112 2064 0
w 176 1776 176 2096 0
w 176 2096 112 2096 0
w 192 1792 192 2128 0
w 192 2128 112 2128 0
w 208 1808 208 2160 0
w 208 2160 112 2160 0
w 224 1824 224 2192 0
w 224 2192 112 2192 0
w 240 1840 240 2224 0
w 240 2224 112 2224 0
w 976 2240 976 2320 0
w 976 2320 112 2320 0
w 1264 2240 1264 2352 0
w 1264 2352 112 2352 0
w 1552 2240 1552 2384 0
w 1552 2384 112 2384 0
w 1840 2240 1840 2416 0
w 1840 2416 112 2416 0
w 2128 2240 2128 2448 0
w 2128 2448 112 2448 0
w 2416 2240 2416 2496 0
w 2416 2496 112 2480 0
x 3 2531 150 2534 4 16 74HC154デコーダー
L 16 2000 -64 2000 0 1 false 5 0
L 16 2032 -64 2032 0 0 false 5 0
L 16 2096 -64 2096 0 0 false 5 0
L 16 2064 -64 2064 0 0 false 5 0
x 459 1727 551 1730 4 22 Address0
x 750 1727 842 1730 4 22 Address1
x 1043 1731 1135 1734 4 22 Address2
x 1342 1734 1434 1737 4 22 Address3
x 1621 1737 1713 1740 4 22 Address4
x 1910 1743 2002 1746 4 22 Address5
x 2197 1742 2289 1745 4 22 Address6
x 2482 1743 2574 1746 4 22 Address7
x 468 2251 560 2254 4 22 Address8
x 761 2256 853 2259 4 22 Address9
x 1052 2256 1157 2259 4 22 Address10
x 1335 2258 1438 2261 4 22 Address11
x 1623 2258 1728 2261 4 22 Address12
x 1911 2263 2016 2266 4 22 Address13
x 2214 2259 2319 2262 4 22 Address14
x 2501 2264 2606 2267 4 22 Address15
w 2656 2048 2720 2048 0
w 2656 1536 2720 1536 0
w 2656 1520 2736 1520 0
w 2656 1504 2752 1504 0
w 2656 2032 2736 2032 0
w 2656 2016 2752 2016 0
w 2656 2000 2768 2000 0
w 2656 1984 2784 1984 0
w 2656 1968 2800 1968 0
w 2656 1936 2832 1936 0
w 2656 1952 2816 1952 0
R 2992 1584 2992 1536 0 0 40 5 0 0 0.5
r 2928 1584 2976 1584 0 10000
r 2928 1616 2976 1616 0 10000
r 2928 1648 2976 1648 0 10000
r 2928 1680 2976 1680 0 10000
r 2928 1808 2976 1808 0 10000
r 2928 1776 2976 1776 0 10000
r 2928 1744 2976 1744 0 10000
r 2928 1712 2976 1712 0 10000
w 2992 1584 2976 1584 0
w 2992 1584 2992 1616 0
w 2992 1616 2976 1616 0
w 2992 1616 2992 1648 0
w 2992 1648 2976 1648 0
w 2992 1648 2992 1680 0
w 2992 1680 2976 1680 0
w 2992 1680 2992 1712 0
w 2992 1712 2976 1712 0
w 2992 1712 2992 1744 0
w 2992 1744 2976 1744 0
w 2992 1744 2992 1776 0
w 2992 1776 2976 1776 0
w 2992 1776 2992 1808 0
w 2992 1808 2976 1808 0
w 2656 1488 2768 1488 0
w 2656 1472 2784 1472 0
w 2656 1456 2800 1456 0
w 2656 1440 2816 1440 0
w 2656 1424 2832 1424 0
w 2832 1424 2832 1584 0
w 2832 1584 2928 1584 0
w 2832 1584 2832 1936 0
w 2816 1440 2816 1616 0
w 2816 1616 2928 1616 0
w 2816 1616 2816 1952 0
w 2800 1456 2800 1648 0
w 2800 1648 2928 1648 0
w 2800 1648 2800 1968 0
w 2784 1472 2784 1680 0
w 2784 1680 2928 1680 0
w 2784 1680 2784 1984 0
w 2768 1488 2768 1712 0
w 2768 1712 2928 1712 0
w 2768 1712 2768 2000 0
w 2752 1504 2752 1744 0
w 2752 1744 2928 1744 0
w 2752 1744 2752 2016 0
w 2736 1520 2736 1776 0
w 2736 1776 2928 1776 0
w 2736 1776 2736 2032 0
w 2720 1536 2720 1808 0
w 2720 1808 2928 1808 0
w 2720 1808 2720 2048 0
. Not8 1 4 8 16 A1 1 0 2 A2 3 1 2 A3 7 2 2 A4 5 3 2 A5 15 4 2 A6 13 5 2 A7 9 6 2 A8 11 7 2 Y1 2 0 3 Y2 4 1 3 Y3 8 2 3 Y4 6 3 3 Y5 16 4 3 Y6 14 5 3 Y7 10 6 3 Y8 12 7 3 InvertingSchmittElm\s1\s2\rInvertingSchmittElm\s3\s4\rInvertingSchmittElm\s5\s6\rInvertingSchmittElm\s7\s8\rInvertingSchmittElm\s9\s10\rInvertingSchmittElm\s11\s12\rInvertingSchmittElm\s13\s14\rInvertingSchmittElm\s15\s16 0\\s0.5\\s1.66\\s3.33\\s5\\s0\s0\\s0.5\\s1.66\\s3.33\\s5\\s0\s0\\s0.5\\s1.66\\s3.33\\s5\\s0\s0\\s0.5\\s1.66\\s3.33\\s5\\s0\s0\\s0.5\\s1.66\\s3.33\\s5\\s0\s0\\s0.5\\s1.66\\s3.33\\s5\\s0\s0\\s0.5\\s1.66\\s3.33\\s5\\s0\s0\\s0.5\\s1.66\\s3.33\\s5\\s0
410 2896 1936 2912 1952 1 Not8 0\s0.5\s1.66\s3.33\s5\s0 0\s0.5\s1.66\s3.33\s5\s0 0\s0.5\s1.66\s3.33\s5\s0 0\s0.5\s1.66\s3.33\s5\s0 0\s0.5\s1.66\s3.33\s5\s0 0\s0.5\s1.66\s3.33\s5\s0 0\s0.5\s1.66\s3.33\s5\s0 0\s0.5\s1.66\s3.33\s5\s0
w 2832 1936 2896 1936 0
w 2816 1952 2864 1952 0
w 2864 1952 2864 1968 0
w 2864 1968 2896 1968 0
w 2800 1968 2848 1968 0
w 2848 1968 2848 2000 0
w 2848 2000 2896 2000 0
w 2784 1984 2832 1984 0
w 2832 1984 2832 2032 0
w 2832 2032 2896 2032 0
w 2768 2000 2816 2000 0
w 2816 2000 2816 2064 0
w 2816 2064 2896 2064 0
w 2752 2016 2800 2016 0
w 2800 2016 2800 2096 0
w 2800 2096 2896 2096 0
w 2736 2032 2784 2032 0
w 2784 2032 2784 2128 0
w 2784 2128 2896 2128 0
w 2720 2048 2768 2048 0
w 2768 2048 2768 2160 0
w 2768 2160 2896 2160 0
162 3136 1936 3168 1936 2 default-led 1 0 0 0.01
w 3056 1936 3088 1936 0
w 3056 1968 3088 1968 0
w 3056 2032 3088 2032 0
w 3056 2000 3088 2000 0
w 3056 2128 3088 2128 0
w 3056 2160 3088 2160 0
w 3056 2096 3088 2096 0
w 3056 2064 3088 2064 0
r 3088 1936 3136 1936 0 1000
g 3200 2176 3200 2224 0 0
r 3088 1968 3136 1968 0 1000
162 3136 1968 3168 1968 2 default-led 1 0 0 0.01
162 3136 2032 3168 2032 2 default-led 1 0 0 0.01
r 3088 2032 3136 2032 0 1000
r 3088 2000 3136 2000 0 1000
162 3136 2000 3168 2000 2 default-led 1 0 0 0.01
162 3136 2128 3168 2128 2 default-led 1 0 0 0.01
r 3088 2128 3136 2128 0 1000
r 3088 2160 3136 2160 0 1000
162 3136 2160 3168 2160 2 default-led 1 0 0 0.01
162 3136 2096 3168 2096 2 default-led 1 0 0 0.01
r 3088 2096 3136 2096 0 1000
r 3088 2064 3136 2064 0 1000
162 3136 2064 3168 2064 2 default-led 1 0 0 0.01
w 3168 2160 3184 2160 0
w 3184 2160 3200 2160 0
w 3200 2160 3200 2176 0
w 3168 2128 3200 2128 0
w 3200 2128 3200 2160 0
w 3168 2096 3200 2096 0
w 3200 2096 3200 2128 0
w 3168 2064 3200 2064 0
w 3200 2064 3200 2096 0
w 3168 2032 3200 2032 0
w 3200 2032 3200 2064 0
w 3168 2000 3200 2000 0
w 3200 2000 3200 2032 0
w 3168 1968 3200 1968 0
w 3200 1968 3200 2000 0
w 3168 1936 3200 1936 0
w 3200 1936 3200 1968 0
