$ 1 0.000005 10.20027730826997 50 5 43 5e-11
x 502 2100 519 2103 4 12 1-3
x 451 2098 468 2101 4 12 1-2
x 404 2099 421 2102 4 12 1-1
x 357 2097 374 2100 4 12 1-0
x 501 1971 518 1974 4 12 0-3
x 453 1971 470 1974 4 12 0-2
x 405 1971 422 1974 4 12 0-1
x 359 1970 376 1973 4 12 0-0
s 352 2112 384 2112 0 0 false
w 384 2112 384 2064 0
s 400 2112 432 2112 0 1 false
s 496 2112 528 2112 0 1 false
s 448 2112 480 2112 0 1 false
w 528 2112 528 2096 0
w 480 2112 480 2080 0
w 432 2112 432 2064 0
w 480 2080 496 2080 0
w 480 1952 496 1952 0
w 432 1936 448 1936 0
w 384 1936 384 1920 0
w 432 1984 432 1936 0
w 480 1984 480 1952 0
w 528 1984 528 1968 0
s 448 1984 480 1984 0 0 false
s 496 1984 528 1984 0 0 false
s 400 1984 432 1984 0 0 false
w 384 1984 384 1936 0
s 352 1984 384 1984 0 0 false
x 429 1707 755 1710 4 24 4bit*2のROMv4(アドレス選択)
g 208 2096 208 2224 0 0
w 496 2032 496 1984 0
w 448 2016 448 1984 0
w 400 2000 400 1984 0
w 384 2064 384 2048 0
w 496 2160 496 2112 0
w 448 2144 448 2112 0
w 400 2128 400 2112 0
w 320 2160 496 2160 0
w 320 2144 448 2144 0
w 320 2128 400 2128 0
w 320 2112 352 2112 0
w 320 2032 496 2032 0
w 320 2016 448 2016 0
w 320 2000 400 2000 0
w 320 1984 352 1984 0
R 576 1760 576 1728 0 0 40 5 0 0 0.5
r 544 1760 544 1808 0 1000
w 544 1872 544 1920 0
w 560 1872 560 1936 0
w 576 1872 576 1952 0
w 592 1872 592 1968 0
d 544 2080 496 2080 2 default
d 480 2064 432 2064 2 default
d 432 2048 384 2048 2 default
d 576 2096 528 2096 2 default
d 544 1952 496 1952 2 default
d 432 1920 384 1920 2 default
d 496 1936 448 1936 2 default
d 576 1968 528 1968 2 default
w 432 1920 544 1920 0
w 496 1936 560 1936 0
w 544 1952 576 1952 0
w 576 1968 592 1968 0
w 592 1760 576 1760 0
w 576 1760 560 1760 0
w 560 1760 544 1760 0
r 560 1760 560 1808 0 1000
r 576 1760 576 1808 0 1000
r 592 1760 592 1808 0 1000
w 544 1808 544 1872 0
w 560 1808 560 1872 0
w 576 1808 576 1872 0
w 592 1808 592 1872 0
S 224 2080 256 2080 0 0 false 0 2
w 208 2096 208 2080 0
w 208 2080 224 2080 0
w 256 2064 272 2064 0
w 272 2064 272 2032 0
w 272 2032 272 2016 0
w 272 2016 272 2000 0
w 272 2000 272 1984 0
w 256 2096 272 2096 0
w 272 2096 272 2112 0
w 272 2112 272 2128 0
w 272 2128 272 2144 0
w 272 2144 272 2160 0
w 272 2112 320 2112 0
w 272 2128 320 2128 0
w 272 2144 320 2144 0
w 272 2160 320 2160 0
w 272 2032 320 2032 0
w 272 2016 320 2016 0
w 272 2000 320 2000 0
w 272 1984 320 1984 0
w 592 1968 624 1968 0
w 576 1952 640 1952 0
w 560 1936 656 1936 0
w 544 1920 672 1920 0
w 576 2096 624 2096 0
w 544 2080 640 2080 0
w 480 2064 656 2064 0
w 432 2048 672 2048 0
w 624 1968 624 2096 0
w 640 1952 640 2080 0
w 656 1936 656 2064 0
w 672 1920 672 2048 0
. Not4 1 4 4 8 A1 1 0 2 A2 3 1 2 A3 7 2 2 A4 5 3 2 Y1 2 0 3 Y2 4 1 3 Y3 8 2 3 Y4 6 3 3 InvertingSchmittElm\s1\s2\rInvertingSchmittElm\s3\s4\rInvertingSchmittElm\s5\s6\rInvertingSchmittElm\s7\s8 0\\s0.5\\s1.66\\s3.33\\s5\\s0\s0\\s0.5\\s1.66\\s3.33\\s5\\s0\s0\\s0.5\\s1.66\\s3.33\\s5\\s0\s0\\s0.5\\s1.66\\s3.33\\s5\\s0
410 736 2032 896 2096 1 Not4 0\s0.5\s1.66\s3.33\s5\s0 0\s0.5\s1.66\s3.33\s5\s0 0\s0.5\s1.66\s3.33\s5\s0 0\s0.5\s1.66\s3.33\s5\s0
w 672 2048 688 2048 0
w 688 2048 736 2032 0
w 656 2064 688 2064 0
w 688 2064 736 2064 0
w 640 2080 688 2080 0
w 688 2080 736 2096 0
w 624 2096 688 2096 0
w 688 2096 736 2128 0
w 896 2032 928 2032 0
w 896 2064 928 2064 0
w 896 2096 928 2096 0
w 896 2128 928 2128 0
w 896 2784 928 2784 0
w 896 2752 928 2752 0
w 896 2720 928 2720 0
w 896 2688 928 2688 0
w 688 2752 736 2784 0
w 624 2752 688 2752 0
w 688 2736 736 2752 0
w 640 2736 688 2736 0
w 688 2720 736 2720 0
w 656 2720 688 2720 0
w 688 2704 736 2688 0
w 672 2704 688 2704 0
410 736 2688 896 2752 1 Not4 0\s0.5\s1.66\s3.33\s5\s0 0\s0.5\s1.66\s3.33\s5\s0 0\s0.5\s1.66\s3.33\s5\s0 0\s0.5\s1.66\s3.33\s5\s0
w 672 2576 672 2704 0
w 656 2592 656 2720 0
w 640 2608 640 2736 0
w 624 2624 624 2752 0
w 432 2704 672 2704 0
w 480 2720 656 2720 0
w 544 2736 640 2736 0
w 576 2752 624 2752 0
w 544 2576 672 2576 0
w 560 2592 656 2592 0
w 576 2608 640 2608 0
w 592 2624 624 2624 0
w 272 2640 320 2640 0
w 272 2656 320 2656 0
w 272 2672 320 2672 0
w 272 2688 320 2688 0
w 272 2816 320 2816 0
w 272 2800 320 2800 0
w 272 2784 320 2784 0
w 272 2768 320 2768 0
w 272 2800 272 2816 0
w 272 2784 272 2800 0
w 272 2768 272 2784 0
w 272 2752 272 2768 0
w 256 2752 272 2752 0
w 272 2656 272 2640 0
w 272 2672 272 2656 0
w 272 2688 272 2672 0
w 272 2720 272 2688 0
w 256 2720 272 2720 0
w 592 2464 592 2528 0
w 576 2464 576 2528 0
w 560 2464 560 2528 0
w 544 2464 544 2528 0
r 592 2416 592 2464 0 1000
r 576 2416 576 2464 0 1000
r 560 2416 560 2464 0 1000
w 560 2416 544 2416 0
w 576 2416 560 2416 0
w 592 2416 576 2416 0
w 576 2624 592 2624 0
w 544 2608 576 2608 0
w 496 2592 560 2592 0
w 432 2576 544 2576 0
d 576 2624 528 2624 2 default
d 496 2592 448 2592 2 default
d 432 2576 384 2576 2 default
d 544 2608 496 2608 2 default
d 576 2752 528 2752 2 default
d 432 2704 384 2704 2 default
d 480 2720 432 2720 2 default
d 544 2736 496 2736 2 default
w 592 2528 592 2624 0
w 576 2528 576 2608 0
w 560 2528 560 2592 0
w 544 2528 544 2576 0
r 544 2416 544 2464 0 1000
R 576 2416 576 2384 0 0 40 5 0 0 0.5
w 320 2640 352 2640 0
w 320 2656 400 2656 0
w 320 2672 448 2672 0
w 320 2688 496 2688 0
w 320 2768 352 2768 0
w 320 2784 400 2784 0
w 320 2800 448 2800 0
w 320 2816 496 2816 0
w 400 2784 400 2768 0
w 448 2800 448 2768 0
w 496 2816 496 2768 0
w 384 2720 384 2704 0
w 400 2656 400 2640 0
w 448 2672 448 2640 0
w 496 2688 496 2640 0
x 429 2363 899 2366 4 24 4bit*2のROMv5(スイッチをセレクタに変更)
s 352 2640 384 2640 0 0 false
w 384 2640 384 2592 0
s 400 2640 432 2640 0 0 false
s 496 2640 528 2640 0 1 false
s 448 2640 480 2640 0 1 false
w 528 2640 528 2624 0
w 480 2640 480 2608 0
w 432 2640 432 2592 0
w 384 2592 384 2576 0
w 432 2592 448 2592 0
w 480 2608 496 2608 0
w 480 2736 496 2736 0
w 432 2768 432 2720 0
w 480 2768 480 2736 0
w 528 2768 528 2752 0
s 448 2768 480 2768 0 0 false
s 496 2768 528 2768 0 0 false
s 400 2768 432 2768 0 1 false
w 384 2768 384 2720 0
s 352 2768 384 2768 0 0 false
x 359 2626 376 2629 4 12 0-0
x 405 2627 422 2630 4 12 0-1
x 453 2627 470 2630 4 12 0-2
x 501 2627 518 2630 4 12 0-3
x 357 2753 374 2756 4 12 1-0
x 404 2755 421 2758 4 12 1-1
x 451 2754 468 2757 4 12 1-2
x 502 2756 519 2759 4 12 1-3
! 74HC154_1to2 0 A 0,1 74HC154_1to2 0\q01\n1\q10\n
208 160 2720 208 2720 0 74HC154_1to2 5 0
L 160 2720 96 2720 0 1 false 5 0
x 121 2688 261 2691 4 12 74HC154_1to2デコーダー
