$ 1 0.000005 10.20027730826997 50 5 43 5e-11
w 1136 1280 1184 1280 0
w 1184 1280 1200 1280 0
d 1600 1328 1552 1328 2 default
g 1104 1328 1104 1360 0 0
s 1104 1328 1136 1328 0 0 false
w 1104 1328 1104 1280 0
s 1104 1280 1136 1280 0 0 false
w 1136 1328 1264 1328 0
w 1264 1216 1264 1248 0
r 1264 1168 1264 1216 0 1000
R 1264 1168 1264 1136 0 0 40 5 0 0 0.5
w 1200 1280 1232 1280 0
w 1232 1280 1232 1248 0
w 1232 1248 1264 1248 0
w 1264 1248 1264 1328 0
x 1115 1113 1379 1116 4 24 電流がループするエラー
x 1443 1111 1851 1114 4 24 ダイオードを付けることで逆流を防ぐ
w 1680 1248 1680 1328 0
w 1648 1248 1680 1248 0
w 1648 1280 1648 1248 0
w 1616 1280 1648 1280 0
R 1680 1168 1680 1136 0 0 40 5 0 0 0.5
r 1680 1168 1680 1216 0 1000
w 1680 1216 1680 1248 0
s 1520 1280 1552 1280 0 0 false
w 1520 1328 1520 1280 0
s 1520 1328 1552 1328 0 0 false
g 1520 1328 1520 1360 0 0
w 1600 1328 1664 1328 0
w 1664 1328 1680 1328 0
d 1600 1280 1552 1280 2 default
w 1600 1280 1616 1280 0
